{
  "n": 5,
  "J": 1.0,
  "h": 0.5,
  "beta": 0.2,
  "calculated_result": {
    "n": 5,
    "J": 1.0,
    "h": 0.5,
    "beta": 0.2,
    "params": [
      3.3336533186758524,
      -5.871401867618552,
      -6.597122792321263,
      10.984814318032242,
      -1.992172601908563,
      5.54904966789349,
      2.400393253302479,
      4.011303908937921,
      2.009650344920228,
      -3.001959506457808,
      5.619291188590738,
      0.8119767653092019,
      3.5742542796720214,
      7.626053048387728,
      4.75418279357052,
      -2.5961240261488263,
      2.504230812444144,
      0.8534272043865677,
      -2.7663579539035505,
      3.4973403945243597,
      8.082268651152571,
      -3.339994894267758,
      1.678330910749842,
      -5.016807834921492,
      5.281307529678308,
      -1.1696226954104465,
      2.1160457872571876,
      -1.7738223613256912,
      -10.430444979957237,
      10.339942055919842,
      2.3232877736439153,
      6.12698971766312,
      9.728272540159423,
      -4.496916992669359,
      7.486556523126352,
      9.075839905646347,
      0.6465845235389872,
      -0.4724635199961592,
      7.065060549076513,
      5.855917246460967,
      3.133568229282519,
      4.747401985873351,
      5.541508155410359,
      6.391492456242599,
      2.8927805552220236,
      4.680028214074756,
      2.0704331976377395,
      5.3741702448210535,
      3.513953646925881,
      -2.2624799038749974,
      2.374368470472209,
      4.030212696283637,
      -0.7813134622539176,
      11.55848263511221,
      8.715861047205212,
      3.5660086479082946,
      -3.549982723745664
    ],
    "cost": -16.924233774000122,
    "energy": -0.5786080097304517,
    "entropy": 3.2691251528539342,
    "rho": [
      [
        0.043770891935303445,
        1.1175542667696303e-17,
        7.022219959636557e-19,
        0.0063555517957370215,
        1.1082306687075967e-17,
        0.007046296593152904,
        -0.0029339940475815434,
        -6.890259525342744e-18,
        1.0872512602281629e-17,
        -0.002153910386312932,
        0.002413966003046635,
        -1.1120419425702114e-18,
        -0.0033912507063388574,
        9.863355472058925e-18,
        6.9126510308598845e-18,
        -0.0008911487043062744,
        -8.984266636397125e-18,
        -0.002152802283663208,
        0.0012140030866254758,
        4.703043263758537e-19,
        -0.0045092150552342,
        1.3904753138175127e-18,
        8.418103361917218e-18,
        -0.0005133080154787731,
        0.0060764492750134055,
        4.869231281040523e-18,
        5.88928401064744e-18,
        0.003645211244933745,
        1.058407065319885e-17,
        0.0036016357092670927,
        -0.0017458536517354095,
        -1.2793397062866288e-18
      ],
      [
        1.1175542667696303e-17,
        0.032554145454495226,
        0.00242098002334515,
        7.393500037631474e-18,
        0.009160338185095169,
        3.659739313453256e-18,
        -3.6977788130237876e-18,
        0.0009182842060782544,
        0.005982155313707787,
        1.5525914019742587e-18,
        -3.0422976291387373e-18,
        0.002076769823292336,
        -8.586693354779602e-18,
        0.00022741098647433174,
        -0.00156144017330347,
        -1.1465531018129094e-18,
        -0.001934327149352734,
        4.2180102297112065e-18,
        3.106186299860458e-19,
        0.0011666634675898445,
        -5.4853928240742426e-18,
        -0.003828693016432485,
        -0.0014887046362618709,
        1.4268427239519833e-18,
        -4.213825443420692e-18,
        0.004403925761895711,
        0.0022466999628471445,
        5.8685061734735285e-18,
        0.007236994091212173,
        -1.9337958911182987e-19,
        1.1264053826075942e-18,
        0.001027210172387083
      ],
      [
        7.022219959636557e-19,
        0.00242098002334515,
        0.04305776342943245,
        -5.091290053349343e-18,
        0.0047164157243133565,
        -1.0522275985542237e-17,
        4.4276183939768575e-18,
        -0.005702495542676305,
        0.00028333717328751047,
        3.7319156715163903e-19,
        -5.814903346490029e-18,
        0.003748567078123375,
        1.2920551013358808e-17,
        0.0004916832021851263,
        -0.0012884297775623956,
        9.717242183368428e-18,
        -0.0022565173265250062,
        6.264096322053952e-18,
        3.4179745179008536e-18,
        0.0002477376114117327,
        -2.9951338611013954e-18,
        0.0036793368107743696,
        -0.003368432727865997,
        3.59234959302377e-18,
        -3.2815331725414663e-18,
        0.0027429943666276058,
        0.01060699359926391,
        -1.2966978471528886e-17,
        0.003408117686390432,
        -3.681632579580048e-18,
        5.934576145848607e-18,
        0.0003659860542695888
      ],
      [
        0.0063555517957370215,
        7.393500037631474e-18,
        -5.091290053349343e-18,
        0.02854272185495515,
        -1.4892441569006294e-18,
        0.001434851137166847,
        -0.00551948535780062,
        1.4056074022062075e-18,
        -1.1127225814045787e-18,
        0.002506869443221314,
        -0.0013926111413248422,
        -8.288847262729748e-19,
        0.004547260959552437,
        8.093705777472396e-18,
        3.0760800769988328e-19,
        0.0014668762944798379,
        -6.8248168363462865e-18,
        -0.0029153619315796142,
        0.0002714767258964416,
        6.0897179326260846e-18,
        0.003971465998111502,
        9.127047808872438e-19,
        2.991333385120989e-18,
        -0.0024896799092078985,
        0.00045524489106098806,
        8.224645599599965e-18,
        -9.551029112413535e-19,
        0.005097790406107077,
        7.761226875073274e-18,
        -0.00045468375226285785,
        0.0059887489735157545,
        6.603114657820562e-18
      ],
      [
        1.1082306687075967e-17,
        0.009160338185095169,
        0.0047164157243133565,
        -1.4892441569006294e-18,
        0.04790607822089122,
        -1.1818634060933399e-18,
        1.3068751916122712e-17,
        0.004095845424260635,
        0.011708686365200154,
        -3.1630344881162004e-18,
        -1.990534430454385e-18,
        0.0003882777450813644,
        -8.857191498824578e-18,
        0.005109439044694693,
        -0.002011331266180209,
        -4.3397094124115034e-18,
        0.0029212130071174006,
        -4.4181092446645224e-18,
        -6.790668779268391e-18,
        -0.0011850605036425915,
        -5.617033053138109e-18,
        -0.001424950567192379,
        -0.002130369730129769,
        -5.9417109792312165e-18,
        3.1329932051521617e-18,
        0.0009555820554441738,
        0.00023899256203538976,
        -2.328225484897548e-18,
        0.007142646934003037,
        -8.107018604628926e-18,
        1.584363886711159e-18,
        0.00025663442856047237
      ],
      [
        0.007046296593152904,
        3.659739313453256e-18,
        -1.0522275985542237e-17,
        0.001434851137166847,
        -1.1818634060933399e-18,
        0.03384746396448247,
        0.007057796284096232,
        -5.767146567094125e-18,
        -1.0481053117263373e-17,
        0.007465956322063096,
        -0.0012620874916795112,
        -6.995364751859188e-18,
        -0.00011981211267905636,
        -2.3021952529248982e-18,
        -9.767414409629656e-19,
        -0.0036130273458644512,
        1.0510489990405052e-18,
        7.247066042057092e-05,
        -0.00040105129323455825,
        1.4650321861038035e-18,
        0.00025327042096820376,
        1.500250134990351e-18,
        -1.6371201199611927e-18,
        -0.004118461733740354,
        0.003549220648479575,
        5.158113381827801e-18,
        -1.082115638611283e-18,
        -0.0014456964955344629,
        5.020062077410967e-18,
        0.006447250376452408,
        0.00035679514045672484,
        -5.355647173517244e-18
      ],
      [
        -0.0029339940475815434,
        -3.6977788130237876e-18,
        4.4276183939768575e-18,
        -0.00551948535780062,
        1.3068751916122712e-17,
        0.007057796284096232,
        0.027331136238569764,
        9.79722004455773e-19,
        -5.0050983838152266e-18,
        0.002603730277366841,
        0.005259190114353818,
        -1.280020352884434e-18,
        -0.00315695467062993,
        -1.6974193505183871e-18,
        6.582113976245468e-18,
        -0.0011148704728335852,
        5.076910271660194e-18,
        0.0014378583821356582,
        -0.0006954395160903284,
        -2.2239136182873405e-18,
        0.0035010198860467205,
        -2.8218103774198763e-18,
        -6.427172372566713e-18,
        -0.004319512273240812,
        -0.0026347487716181194,
        -3.158475505306858e-20,
        1.3408703137795762e-18,
        -0.0017563593717816548,
        -4.914826491517364e-19,
        0.005402511119052077,
        0.0029689927475755554,
        3.6359471291531865e-20
      ],
      [
        -6.890259525342744e-18,
        0.0009182842060782544,
        -0.005702495542676305,
        1.4056074022062075e-18,
        0.004095845424260635,
        -5.767146567094125e-18,
        9.79722004455773e-19,
        0.021858634068655923,
        0.0008084356338957087,
        2.939865626550473e-18,
        -1.446137164162294e-17,
        0.004839168907933777,
        -2.6198642795034386e-18,
        -0.002045867864517071,
        0.002521768996389175,
        3.194422269411414e-18,
        0.0010118423735184382,
        5.0996887675826846e-18,
        -7.76715960100206e-18,
        0.0011104400045267037,
        3.8198183112332154e-19,
        0.0012681997850290318,
        -0.0027463499018699523,
        4.445014547330625e-18,
        -3.7811624424028195e-18,
        -0.00037315454086851057,
        -0.002493130731621936,
        6.285557040791933e-18,
        -0.0015979892830719742,
        -1.5101077182705854e-18,
        -3.685522741010395e-18,
        0.0019506474061467393
      ],
      [
        1.0872512602281629e-17,
        0.005982155313707787,
        0.00028333717328751047,
        -1.1127225814045787e-18,
        0.011708686365200154,
        -1.0481053117263373e-17,
        -5.0050983838152266e-18,
        0.0008084356338957087,
        0.041476169305786584,
        5.207860061536211e-19,
        -7.302170869452279e-19,
        0.002563151008412512,
        -1.3109145358874735e-18,
        0.006983372835875389,
        -0.0022272428484882904,
        -4.45203062374917e-18,
        0.0007881343389174723,
        -1.0954247564926666e-17,
        6.1676265734455946e-18,
        -0.0007309998272171387,
        -5.218853227081749e-18,
        0.003755524720792062,
        0.005216433985362671,
        -2.1585214643911608e-19,
        5.562238165930593e-18,
        0.004509940399565463,
        0.003241036682978324,
        -1.3824937488041355e-18,
        0.006614591972189823,
        -7.972833202325482e-18,
        6.866794298593679e-19,
        -0.001855169809414697
      ],
      [
        -0.002153910386312932,
        1.5525914019742587e-18,
        3.7319156715163903e-19,
        0.002506869443221314,
        -3.1630344881162004e-18,
        0.007465956322063096,
        0.002603730277366841,
        2.939865626550473e-18,
        5.207860061536211e-19,
        0.032469037660156366,
        0.004534901539696417,
        -8.310652794972106e-18,
        0.004799607649904597,
        5.157223763797984e-18,
        3.556814974893218e-18,
        0.0023419523669021454,
        -6.1720709894279234e-18,
        0.0034758468322116398,
        0.00012970413512077797,
        7.500460871215279e-18,
        0.0013308802623009236,
        9.306589771760649e-18,
        -1.6431916175710535e-18,
        0.002066820076317042,
        0.002350939436942479,
        1.4092880629536378e-18,
        3.9423956078460013e-19,
        0.00023352285179376877,
        -4.325774279508659e-18,
        0.0032870098881487434,
        -1.4297565922879768e-05,
        2.0733825061143066e-18
      ],
      [
        0.002413966003046635,
        -3.0422976291387373e-18,
        -5.814903346490029e-18,
        -0.0013926111413248422,
        -1.990534430454385e-18,
        -0.0012620874916795112,
        0.005259190114353818,
        -1.446137164162294e-17,
        -7.302170869452279e-19,
        0.004534901539696417,
        0.02921865833715864,
        1.664737986105446e-18,
        0.0010349778231605045,
        -5.604415236296241e-18,
        -8.444389894834338e-19,
        -0.00324122315913757,
        -1.0580545315786697e-18,
        -0.003069270693647786,
        0.010150543104066604,
        3.5472134903391166e-18,
        0.0017098180712735514,
        -3.516350415312496e-18,
        1.1599582693035315e-17,
        0.0026833666760235114,
        0.001639351231970221,
        -3.471458593453143e-18,
        1.786204354383774e-18,
        0.0029501379962951807,
        -2.5377700166421144e-18,
        0.0003670772697894938,
        0.005469337957559767,
        -4.064431750190116e-18
      ],
      [
        -1.1120419425702114e-18,
        0.002076769823292336,
        0.003748567078123375,
        -8.288847262729748e-19,
        0.0003882777450813644,
        -6.995364751859188e-18,
        -1.280020352884434e-18,
        0.004839168907933777,
        0.002563151008412512,
        -8.310652794972106e-18,
        1.664737986105446e-18,
        0.02262242527653041,
        -4.511741512768201e-18,
        0.0011109066404274693,
        -0.0044199251034927455,
        -7.979140310569005e-18,
        7.790736610033668e-05,
        6.6014961232015555e-18,
        9.151634231641483e-18,
        0.003282083078133535,
        6.589048793531022e-18,
        0.0009646122456464399,
        0.004380450395597827,
        6.905282226871988e-18,
        3.413508495539318e-18,
        0.0017004071736844615,
        0.0016709687804102936,
        1.2664803284920859e-18,
        -0.0014232081788798727,
        -4.410535266641823e-18,
        -6.0140084867174815e-18,
        0.002741659585245475
      ],
      [
        -0.0033912507063388574,
        -8.586693354779602e-18,
        1.2920551013358808e-17,
        0.004547260959552437,
        -8.857191498824578e-18,
        -0.00011981211267905636,
        -0.00315695467062993,
        -2.6198642795034386e-18,
        -1.3109145358874735e-18,
        0.004799607649904597,
        0.0010349778231605045,
        -4.511741512768201e-18,
        0.032561230471743356,
        1.1960389505490821e-17,
        1.468173707502101e-17,
        0.0017796448182769832,
        -2.1780253763317763e-18,
        0.0009651205490585005,
        0.001731640556536169,
        -1.3884841103810031e-19,
        0.006898606379910075,
        -5.42573543948093e-18,
        1.358269346891805e-18,
        -0.0027848200438448244,
        0.0014291412986792815,
        2.944183947418812e-18,
        4.123762191146018e-18,
        -0.0009983284569472911,
        -8.63774007472127e-18,
        -0.0014794187512100277,
        0.00046502210806034837,
        -2.8340112497082466e-18
      ],
      [
        9.863355472058925e-18,
        0.00022741098647433174,
        0.0004916832021851263,
        8.093705777472396e-18,
        0.005109439044694693,
        -2.3021952529248982e-18,
        -1.6974193505183871e-18,
        -0.002045867864517071,
        0.006983372835875389,
        5.157223763797984e-18,
        -5.604415236296241e-18,
        0.0011109066404274693,
        1.1960389505490821e-17,
        0.02376947940473295,
        0.00395842946335506,
        6.688982442959828e-18,
        -0.0007095548915003452,
        -1.3699087303162896e-18,
        -5.3510194922065234e-18,
        -0.00033798605556916594,
        -2.5245566744785807e-18,
        0.004854479937207455,
        0.0011711381880512098,
        1.4805032957433032e-18,
        2.441712946130507e-18,
        -0.0008518413775235236,
        0.0017903692603216505,
        8.15447000402582e-19,
        -0.00016758061442994395,
        -5.1336675532875815e-18,
        9.231589114533326e-19,
        0.0013994931384438691
      ],
      [
        6.9126510308598845e-18,
        -0.00156144017330347,
        -0.0012884297775623956,
        3.0760800769988328e-19,
        -0.002011331266180209,
        -9.767414409629656e-19,
        6.582113976245468e-18,
        0.002521768996389175,
        -0.0022272428484882904,
        3.556814974893218e-18,
        -8.444389894834338e-19,
        -0.0044199251034927455,
        1.468173707502101e-17,
        0.00395842946335506,
        0.028576794118170323,
        -7.77024178622438e-18,
        0.000948727357929857,
        -2.4501422864039624e-18,
        8.896510092105244e-18,
        0.0003500212429195888,
        1.0566027254593995e-18,
        -3.315981923397032e-05,
        0.0010456842381151646,
        4.3770565947240556e-18,
        1.476233567460914e-17,
        0.00012956225662159946,
        -0.0026509981158278654,
        1.759193957096905e-18,
        -0.0024556182969226277,
        3.8066106557809325e-18,
        2.7180595100062506e-18,
        0.0017220550892103133
      ],
      [
        -0.0008911487043062744,
        -1.1465531018129094e-18,
        9.717242183368428e-18,
        0.0014668762944798379,
        -4.3397094124115034e-18,
        -0.0036130273458644512,
        -0.0011148704728335852,
        3.194422269411414e-18,
        -4.45203062374917e-18,
        0.0023419523669021454,
        -0.00324122315913757,
        -7.979140310569005e-18,
        0.0017796448182769832,
        6.688982442959828e-18,
        -7.77024178622438e-18,
        0.02699833993767357,
        -2.9304640672274017e-18,
        0.0014921463678471626,
        -0.0010895280426152158,
        4.909285049795262e-18,
        -0.0004038050918255626,
        2.601694040758814e-18,
        4.021199596722599e-18,
        0.00017931947978995413,
        0.0021284258818939743,
        2.523043420658758e-19,
        -2.418264179336583e-19,
        -0.002071055446953644,
        -4.2888294055911114e-18,
        -0.002644700246190673,
        1.0280028888012631e-05,
        2.654943438558441e-18
      ],
      [
        -8.984266636397125e-18,
        -0.001934327149352734,
        -0.0022565173265250062,
        -6.8248168363462865e-18,
        0.0029212130071174006,
        1.0510489990405052e-18,
        5.076910271660194e-18,
        0.0010118423735184382,
        0.0007881343389174723,
        -6.1720709894279234e-18,
        -1.0580545315786697e-18,
        7.790736610033668e-05,
        -2.1780253763317763e-18,
        -0.0007095548915003452,
        0.000948727357929857,
        -2.9304640672274017e-18,
        0.04568678505938713,
        -3.1125591455701298e-18,
        4.0730402061738685e-18,
        0.0050233461104440226,
        -1.111324523877321e-17,
        0.0042920126562447595,
        -0.005372343578164736,
        1.246824230967246e-18,
        -1.1480655603393492e-17,
        -0.0029432476675013528,
        -0.0031317166716293174,
        -8.101146447658477e-18,
        0.0013291876814010015,
        2.64340028545483e-18,
        7.057102165295701e-18,
        0.0020308205683611676
      ],
      [
        -0.002152802283663208,
        4.2180102297112065e-18,
        6.264096322053952e-18,
        -0.0029153619315796142,
        -4.4181092446645224e-18,
        7.247066042057092e-05,
        0.0014378583821356582,
        5.0996887675826846e-18,
        -1.0954247564926666e-17,
        0.0034758468322116398,
        -0.003069270693647786,
        6.6014961232015555e-18,
        0.0009651205490585005,
        -1.3699087303162896e-18,
        -2.4501422864039624e-18,
        0.0014921463678471626,
        -3.1125591455701298e-18,
        0.03381349473827031,
        0.0005575206060158182,
        4.631560056465227e-18,
        0.007857244719894213,
        -1.2615817249878734e-18,
        -4.193377401872816e-18,
        0.00348793150842288,
        0.005330293486255373,
        3.953906373121426e-19,
        -1.076922033240705e-18,
        0.0016352845984858532,
        -9.359296456889482e-18,
        0.004437258381432953,
        0.0010054549985809326,
        1.9992442680101857e-18
      ],
      [
        0.0012140030866254758,
        3.106186299860458e-19,
        3.4179745179008536e-18,
        0.0002714767258964416,
        -6.790668779268391e-18,
        -0.00040105129323455825,
        -0.0006954395160903284,
        -7.76715960100206e-18,
        6.1676265734455946e-18,
        0.00012970413512077797,
        0.010150543104066604,
        9.151634231641483e-18,
        0.001731640556536169,
        -5.3510194922065234e-18,
        8.896510092105244e-18,
        -0.0010895280426152158,
        4.0730402061738685e-18,
        0.0005575206060158182,
        0.03285573448301212,
        -1.3914036162050505e-19,
        0.007205958478423867,
        -5.548144759432577e-18,
        6.381122242024265e-18,
        -0.0007062167969368575,
        0.00431739264573573,
        1.994836248112296e-18,
        6.104309425597258e-18,
        0.0019946172812980926,
        2.4820542499166443e-18,
        0.000783005086169753,
        -3.3738877652539356e-05,
        9.199164713710788e-19
      ],
      [
        4.703043263758537e-19,
        0.0011666634675898445,
        0.0002477376114117327,
        6.0897179326260846e-18,
        -0.0011850605036425915,
        1.4650321861038035e-18,
        -2.2239136182873405e-18,
        0.0011104400045267037,
        -0.0007309998272171387,
        7.500460871215279e-18,
        3.5472134903391166e-18,
        0.003282083078133535,
        -1.3884841103810031e-19,
        -0.00033798605556916594,
        0.0003500212429195888,
        4.909285049795262e-18,
        0.0050233461104440226,
        4.631560056465227e-18,
        -1.3914036162050505e-19,
        0.030495651206040978,
        4.077917057588559e-18,
        0.0027213032985027395,
        -0.004013640487430306,
        2.03914675348709e-18,
        -1.191201221761393e-18,
        0.002325937938445608,
        -0.0002208529570289643,
        -6.211895702629618e-18,
        -5.422178844436906e-05,
        -6.123342487123623e-18,
        1.2240760511231032e-18,
        -0.0005324261010664188
      ],
      [
        -0.0045092150552342,
        -5.4853928240742426e-18,
        -2.9951338611013954e-18,
        0.003971465998111502,
        -5.617033053138109e-18,
        0.00025327042096820376,
        0.0035010198860467205,
        3.8198183112332154e-19,
        -5.218853227081749e-18,
        0.0013308802623009236,
        0.0017098180712735514,
        6.589048793531022e-18,
        0.006898606379910075,
        -2.5245566744785807e-18,
        1.0566027254593995e-18,
        -0.0004038050918255626,
        -1.111324523877321e-17,
        0.007857244719894213,
        0.007205958478423867,
        4.077917057588559e-18,
        0.04018623991545296,
        -5.6713305644176024e-18,
        2.445576275459099e-18,
        -0.0015116845365009584,
        0.0050235165316720376,
        -2.3789544357227684e-18,
        -3.0496950893882953e-18,
        0.0019778688320369153,
        -7.568728892366901e-18,
        0.0036167116982601076,
        -0.00208730705916711,
        -1.5010389024029304e-18
      ],
      [
        1.3904753138175127e-18,
        -0.003828693016432485,
        0.0036793368107743696,
        9.127047808872438e-19,
        -0.001424950567192379,
        1.500250134990351e-18,
        -2.8218103774198763e-18,
        0.0012681997850290318,
        0.003755524720792062,
        9.306589771760649e-18,
        -3.516350415312496e-18,
        0.0009646122456464399,
        -5.42573543948093e-18,
        0.004854479937207455,
        -3.315981923397032e-05,
        2.601694040758814e-18,
        0.0042920126562447595,
        -1.2615817249878734e-18,
        -5.548144759432577e-18,
        0.0027213032985027395,
        -5.6713305644176024e-18,
        0.029456435194717235,
        -0.0004598110384773364,
        8.630607867311014e-18,
        -8.126135159473864e-18,
        0.002736980480121392,
        -0.003446944011303545,
        -7.417150774519972e-18,
        -0.0018914967912035628,
        -1.5370713899057571e-18,
        5.35442002417621e-18,
        -0.0007283608922274889
      ],
      [
        8.418103361917218e-18,
        -0.0014887046362618709,
        -0.003368432727865997,
        2.991333385120989e-18,
        -0.002130369730129769,
        -1.6371201199611927e-18,
        -6.427172372566713e-18,
        -0.0027463499018699523,
        0.005216433985362671,
        -1.6431916175710535e-18,
        1.1599582693035315e-17,
        0.004380450395597827,
        1.358269346891805e-18,
        0.0011711381880512098,
        0.0010456842381151646,
        4.021199596722599e-18,
        -0.005372343578164736,
        -4.193377401872816e-18,
        6.381122242024265e-18,
        -0.004013640487430306,
        2.445576275459099e-18,
        -0.0004598110384773364,
        0.030417302948302718,
        -5.262244655007828e-18,
        1.4479410326327094e-17,
        -0.00020252308164319353,
        9.621348943685963e-05,
        -1.976052620535176e-18,
        0.0011627749441117862,
        -3.405654532571721e-19,
        1.6136834827737539e-18,
        -0.0008378556673455556
      ],
      [
        -0.0005133080154787731,
        1.4268427239519833e-18,
        3.59234959302377e-18,
        -0.0024896799092078985,
        -5.9417109792312165e-18,
        -0.004118461733740354,
        -0.004319512273240812,
        4.445014547330625e-18,
        -2.1585214643911608e-19,
        0.002066820076317042,
        0.0026833666760235114,
        6.905282226871988e-18,
        -0.0027848200438448244,
        1.4805032957433032e-18,
        4.3770565947240556e-18,
        0.00017931947978995413,
        1.246824230967246e-18,
        0.00348793150842288,
        -0.0007062167969368575,
        2.03914675348709e-18,
        -0.0015116845365009584,
        8.630607867311014e-18,
        -5.262244655007828e-18,
        0.024622288279624524,
        0.0001445241273425158,
        -4.4922949367508e-18,
        2.551976631470025e-19,
        0.0034390108789229554,
        6.40999197682022e-20,
        -0.001280016410580484,
        0.0027017872918483335,
        6.084593532310708e-18
      ],
      [
        0.0060764492750134055,
        -4.213825443420692e-18,
        -3.2815331725414663e-18,
        0.00045524489106098806,
        3.1329932051521617e-18,
        0.003549220648479575,
        -0.0026347487716181194,
        -3.7811624424028195e-18,
        5.562238165930593e-18,
        0.002350939436942479,
        0.001639351231970221,
        3.413508495539318e-18,
        0.0014291412986792815,
        2.441712946130507e-18,
        1.476233567460914e-17,
        0.0021284258818939743,
        -1.1480655603393492e-17,
        0.005330293486255373,
        0.00431739264573573,
        -1.191201221761393e-18,
        0.0050235165316720376,
        -8.126135159473864e-18,
        1.4479410326327094e-17,
        0.0001445241273425158,
        0.03597695160847415,
        -2.667479195775058e-18,
        3.887979589643768e-18,
        -0.0027674356657864324,
        -4.4594625844556725e-18,
        0.001977981571815703,
        0.0018612353082656818,
        -9.543534921302828e-18
      ],
      [
        4.869231281040523e-18,
        0.004403925761895711,
        0.0027429943666276058,
        8.224645599599965e-18,
        0.0009555820554441738,
        5.158113381827801e-18,
        -3.158475505306858e-20,
        -0.00037315454086851057,
        0.004509940399565463,
        1.4092880629536378e-18,
        -3.471458593453143e-18,
        0.0017004071736844615,
        2.944183947418812e-18,
        -0.0008518413775235236,
        0.00012956225662159946,
        2.523043420658758e-19,
        -0.0029432476675013528,
        3.953906373121426e-19,
        1.994836248112296e-18,
        0.002325937938445608,
        -2.3789544357227684e-18,
        0.002736980480121392,
        -0.00020252308164319353,
        -4.4922949367508e-18,
        -2.667479195775058e-18,
        0.029999779647305484,
        0.003549271191403249,
        4.3441157596803705e-18,
        0.0030847723851830733,
        1.7443522109527774e-17,
        -6.007457841155736e-18,
        -0.0016381912992220948
      ],
      [
        5.88928401064744e-18,
        0.0022466999628471445,
        0.01060699359926391,
        -9.551029112413535e-19,
        0.00023899256203538976,
        -1.082115638611283e-18,
        1.3408703137795762e-18,
        -0.002493130731621936,
        0.003241036682978324,
        3.9423956078460013e-19,
        1.786204354383774e-18,
        0.0016709687804102936,
        4.123762191146018e-18,
        0.0017903692603216505,
        -0.0026509981158278654,
        -2.418264179336583e-19,
        -0.0031317166716293174,
        -1.076922033240705e-18,
        6.104309425597258e-18,
        -0.0002208529570289643,
        -3.0496950893882953e-18,
        -0.003446944011303545,
        9.621348943685963e-05,
        2.551976631470025e-19,
        3.887979589643768e-18,
        0.003549271191403249,
        0.030316131052750116,
        4.030503429296144e-18,
        0.0037590009094141327,
        -1.3804564100740755e-18,
        5.438587149023993e-18,
        -0.004366923074625169
      ],
      [
        0.003645211244933745,
        5.8685061734735285e-18,
        -1.2966978471528886e-17,
        0.005097790406107077,
        -2.328225484897548e-18,
        -0.0014456964955344629,
        -0.0017563593717816548,
        6.285557040791933e-18,
        -1.3824937488041355e-18,
        0.00023352285179376877,
        0.0029501379962951807,
        1.2664803284920859e-18,
        -0.0009983284569472911,
        8.15447000402582e-19,
        1.759193957096905e-18,
        -0.002071055446953644,
        -8.101146447658477e-18,
        0.0016352845984858532,
        0.0019946172812980926,
        -6.211895702629618e-18,
        0.0019778688320369153,
        -7.417150774519972e-18,
        -1.976052620535176e-18,
        0.0034390108789229554,
        -0.0027674356657864324,
        4.3441157596803705e-18,
        4.030503429296144e-18,
        0.018909376947869136,
        -3.719123851708258e-19,
        0.005540429293813309,
        -0.0023991201697962754,
        4.574957345416232e-18
      ],
      [
        1.058407065319885e-17,
        0.007236994091212173,
        0.003408117686390432,
        7.761226875073274e-18,
        0.007142646934003037,
        5.020062077410967e-18,
        -4.914826491517364e-19,
        -0.0015979892830719742,
        0.006614591972189823,
        -4.325774279508659e-18,
        -2.5377700166421144e-18,
        -0.0014232081788798727,
        -8.63774007472127e-18,
        -0.00016758061442994395,
        -0.0024556182969226277,
        -4.2888294055911114e-18,
        0.0013291876814010015,
        -9.359296456889482e-18,
        2.4820542499166443e-18,
        -5.422178844436906e-05,
        -7.568728892366901e-18,
        -0.0018914967912035628,
        0.0011627749441117862,
        6.40999197682022e-20,
        -4.4594625844556725e-18,
        0.0030847723851830733,
        0.0037590009094141327,
        -3.719123851708258e-19,
        0.03205128991668009,
        2.2345948888834e-19,
        1.4326983584270977e-17,
        0.000623080117100102
      ],
      [
        0.0036016357092670927,
        -1.9337958911182987e-19,
        -3.681632579580048e-18,
        -0.00045468375226285785,
        -8.107018604628926e-18,
        0.006447250376452408,
        0.005402511119052077,
        -1.5101077182705854e-18,
        -7.972833202325482e-18,
        0.0032870098881487434,
        0.0003670772697894938,
        -4.410535266641823e-18,
        -0.0014794187512100277,
        -5.1336675532875815e-18,
        3.8066106557809325e-18,
        -0.002644700246190673,
        2.64340028545483e-18,
        0.004437258381432953,
        0.000783005086169753,
        -6.123342487123623e-18,
        0.0036167116982601076,
        -1.5370713899057571e-18,
        -3.405654532571721e-19,
        -0.001280016410580484,
        0.001977981571815703,
        1.7443522109527774e-17,
        -1.3804564100740755e-18,
        0.005540429293813309,
        2.2345948888834e-19,
        0.021774846736266222,
        -0.0008301855444502234,
        5.951813930193094e-18
      ],
      [
        -0.0017458536517354095,
        1.1264053826075942e-18,
        5.934576145848607e-18,
        0.0059887489735157545,
        1.584363886711159e-18,
        0.00035679514045672484,
        0.0029689927475755554,
        -3.685522741010395e-18,
        6.866794298593679e-19,
        -1.4297565922879768e-05,
        0.005469337957559767,
        -6.0140084867174815e-18,
        0.00046502210806034837,
        9.231589114533326e-19,
        2.7180595100062506e-18,
        1.0280028888012631e-05,
        7.057102165295701e-18,
        0.0010054549985809326,
        -3.3738877652539356e-05,
        1.2240760511231032e-18,
        -0.00208730705916711,
        5.35442002417621e-18,
        1.6136834827737539e-18,
        0.0027017872918483335,
        0.0018612353082656818,
        -6.007457841155736e-18,
        5.438587149023993e-18,
        -0.0023991201697962754,
        1.4326983584270977e-17,
        -0.0008301855444502234,
        0.02753558612258176,
        -3.742371297228171e-18
      ],
      [
        -1.2793397062866288e-18,
        0.001027210172387083,
        0.0003659860542695888,
        6.603114657820562e-18,
        0.00025663442856047237,
        -5.355647173517244e-18,
        3.6359471291531865e-20,
        0.0019506474061467393,
        -0.001855169809414697,
        2.0733825061143066e-18,
        -4.064431750190116e-18,
        0.002741659585245475,
        -2.8340112497082466e-18,
        0.0013994931384438691,
        0.0017220550892103133,
        2.654943438558441e-18,
        0.0020308205683611676,
        1.9992442680101857e-18,
        9.199164713710788e-19,
        -0.0005324261010664188,
        -1.5010389024029304e-18,
        -0.0007283608922274889,
        -0.0008378556673455556,
        6.084593532310708e-18,
        -9.543534921302828e-18,
        -0.0016381912992220948,
        -0.004366923074625169,
        4.574957345416232e-18,
        0.000623080117100102,
        5.951813930193094e-18,
        -3.742371297228171e-18,
        0.019341136464525836
      ]
    ],
    "noiseless_rho": [
      [
        0.043770891935303445,
        1.1175542667696303e-17,
        7.022219959636557e-19,
        0.0063555517957370215,
        1.1082306687075967e-17,
        0.007046296593152904,
        -0.0029339940475815434,
        -6.890259525342744e-18,
        1.0872512602281629e-17,
        -0.002153910386312932,
        0.002413966003046635,
        -1.1120419425702114e-18,
        -0.0033912507063388574,
        9.863355472058925e-18,
        6.9126510308598845e-18,
        -0.0008911487043062744,
        -8.984266636397125e-18,
        -0.002152802283663208,
        0.0012140030866254758,
        4.703043263758537e-19,
        -0.0045092150552342,
        1.3904753138175127e-18,
        8.418103361917218e-18,
        -0.0005133080154787731,
        0.0060764492750134055,
        4.869231281040523e-18,
        5.88928401064744e-18,
        0.003645211244933745,
        1.058407065319885e-17,
        0.0036016357092670927,
        -0.0017458536517354095,
        -1.2793397062866288e-18
      ],
      [
        1.1175542667696303e-17,
        0.032554145454495226,
        0.00242098002334515,
        7.393500037631474e-18,
        0.009160338185095169,
        3.659739313453256e-18,
        -3.6977788130237876e-18,
        0.0009182842060782544,
        0.005982155313707787,
        1.5525914019742587e-18,
        -3.0422976291387373e-18,
        0.002076769823292336,
        -8.586693354779602e-18,
        0.00022741098647433174,
        -0.00156144017330347,
        -1.1465531018129094e-18,
        -0.001934327149352734,
        4.2180102297112065e-18,
        3.106186299860458e-19,
        0.0011666634675898445,
        -5.4853928240742426e-18,
        -0.003828693016432485,
        -0.0014887046362618709,
        1.4268427239519833e-18,
        -4.213825443420692e-18,
        0.004403925761895711,
        0.0022466999628471445,
        5.8685061734735285e-18,
        0.007236994091212173,
        -1.9337958911182987e-19,
        1.1264053826075942e-18,
        0.001027210172387083
      ],
      [
        7.022219959636557e-19,
        0.00242098002334515,
        0.04305776342943245,
        -5.091290053349343e-18,
        0.0047164157243133565,
        -1.0522275985542237e-17,
        4.4276183939768575e-18,
        -0.005702495542676305,
        0.00028333717328751047,
        3.7319156715163903e-19,
        -5.814903346490029e-18,
        0.003748567078123375,
        1.2920551013358808e-17,
        0.0004916832021851263,
        -0.0012884297775623956,
        9.717242183368428e-18,
        -0.0022565173265250062,
        6.264096322053952e-18,
        3.4179745179008536e-18,
        0.0002477376114117327,
        -2.9951338611013954e-18,
        0.0036793368107743696,
        -0.003368432727865997,
        3.59234959302377e-18,
        -3.2815331725414663e-18,
        0.0027429943666276058,
        0.01060699359926391,
        -1.2966978471528886e-17,
        0.003408117686390432,
        -3.681632579580048e-18,
        5.934576145848607e-18,
        0.0003659860542695888
      ],
      [
        0.0063555517957370215,
        7.393500037631474e-18,
        -5.091290053349343e-18,
        0.02854272185495515,
        -1.4892441569006294e-18,
        0.001434851137166847,
        -0.00551948535780062,
        1.4056074022062075e-18,
        -1.1127225814045787e-18,
        0.002506869443221314,
        -0.0013926111413248422,
        -8.288847262729748e-19,
        0.004547260959552437,
        8.093705777472396e-18,
        3.0760800769988328e-19,
        0.0014668762944798379,
        -6.8248168363462865e-18,
        -0.0029153619315796142,
        0.0002714767258964416,
        6.0897179326260846e-18,
        0.003971465998111502,
        9.127047808872438e-19,
        2.991333385120989e-18,
        -0.0024896799092078985,
        0.00045524489106098806,
        8.224645599599965e-18,
        -9.551029112413535e-19,
        0.005097790406107077,
        7.761226875073274e-18,
        -0.00045468375226285785,
        0.0059887489735157545,
        6.603114657820562e-18
      ],
      [
        1.1082306687075967e-17,
        0.009160338185095169,
        0.0047164157243133565,
        -1.4892441569006294e-18,
        0.04790607822089122,
        -1.1818634060933399e-18,
        1.3068751916122712e-17,
        0.004095845424260635,
        0.011708686365200154,
        -3.1630344881162004e-18,
        -1.990534430454385e-18,
        0.0003882777450813644,
        -8.857191498824578e-18,
        0.005109439044694693,
        -0.002011331266180209,
        -4.3397094124115034e-18,
        0.0029212130071174006,
        -4.4181092446645224e-18,
        -6.790668779268391e-18,
        -0.0011850605036425915,
        -5.617033053138109e-18,
        -0.001424950567192379,
        -0.002130369730129769,
        -5.9417109792312165e-18,
        3.1329932051521617e-18,
        0.0009555820554441738,
        0.00023899256203538976,
        -2.328225484897548e-18,
        0.007142646934003037,
        -8.107018604628926e-18,
        1.584363886711159e-18,
        0.00025663442856047237
      ],
      [
        0.007046296593152904,
        3.659739313453256e-18,
        -1.0522275985542237e-17,
        0.001434851137166847,
        -1.1818634060933399e-18,
        0.03384746396448247,
        0.007057796284096232,
        -5.767146567094125e-18,
        -1.0481053117263373e-17,
        0.007465956322063096,
        -0.0012620874916795112,
        -6.995364751859188e-18,
        -0.00011981211267905636,
        -2.3021952529248982e-18,
        -9.767414409629656e-19,
