{
  "n": 5,
  "J": 1.0,
  "h": 0.5,
  "beta": 0.5,
  "calculated_result": {
    "n": 5,
    "J": 1.0,
    "h": 0.5,
    "beta": 0.5,
    "params": [
      1.0363467990245674,
      -4.8397251221871525,
      -7.184210460334031,
      11.077785723850061,
      -4.194694887139875,
      6.247819152744469,
      2.0639816343656836,
      3.9895109830318987,
      3.7540303441800766,
      -2.614906467368071,
      7.068954483440237,
      1.5533700908318304,
      4.07874691358923,
      7.90052744357757,
      7.652161194051287,
      -2.8037536700723926,
      2.456908466492302,
      3.3395046695686723,
      -1.592990485969432,
      4.2164774848277276,
      6.433675183468182,
      -2.087250171641971,
      2.3515891787111016,
      -3.7283162375830843,
      4.6927892369790705,
      -2.1121767847767616,
      2.5190472318153043,
      -0.6086769594275931,
      -9.491034660744743,
      10.655842109549353,
      3.614936411632132,
      2.5053677433753982,
      8.072809812957491,
      -5.82009898183253,
      6.955747010090459,
      6.247546476741581,
      0.7171611736404278,
      -0.6308779954769748,
      4.78735456070971,
      7.793129849570473,
      3.5429738370566506,
      8.444549511936069,
      3.6854077365457787,
      7.532126495818233,
      5.3227273196535485,
      4.377689948809948,
      1.4851848193243422,
      8.58659487177532,
      3.10197299702207,
      -1.9295802823479464,
      3.69047683861354,
      3.735644517279403,
      -2.7952608112460933,
      13.27055365016036,
      11.804161317481318,
      6.068386048916388,
      -5.441969416546506
    ],
    "cost": -7.847683772178208,
    "energy": -1.865297855169786,
    "entropy": 2.9911929585042105,
    "rho": [
      [
        0.08357068699627086,
        -4.700742001907902e-18,
        9.569827210651955e-18,
        0.024341829675616124,
        -7.641071288655185e-18,
        0.00413036894126966,
        0.019443121605659544,
        1.7970234627604284e-18,
        -5.811453402741955e-18,
        0.000755756386997726,
        -0.004039122725624508,
        6.316392854822606e-20,
        0.007863874794430443,
        -1.218057872384235e-17,
        -6.344584092323135e-18,
        0.0018395509913001092,
        1.3074395805520681e-17,
        0.004667545020185971,
        -0.0067597975715353855,
        -2.738832274871299e-18,
        0.0021305320555545667,
        -1.3822321535313895e-17,
        7.873139728693346e-18,
        0.0012336006067436593,
        0.027333152699070374,
        5.391847560740137e-18,
        1.444569565644636e-17,
        0.007066324035074898,
        -7.739525413125271e-18,
        0.0013014249351825217,
        0.006131253926534001,
        8.373055323705226e-18
      ],
      [
        -4.700742001907902e-18,
        0.049515983497374357,
        0.021319277607952842,
        -7.683355446897222e-18,
        0.004558265644357491,
        -1.655983009833278e-17,
        -6.364831181609705e-18,
        0.011123605237634445,
        -0.0018511708261660287,
        -5.615488174013966e-18,
        5.783391058064929e-18,
        -0.00348536275953729,
        1.3566335545233585e-17,
        0.00470478312178389,
        0.0026394175165427055,
        7.90079920674414e-18,
        -0.00033088487716188516,
        9.060868696747048e-18,
        2.127191000897385e-17,
        -0.005345467984837399,
        1.3699589392546246e-17,
        0.0010563643279361443,
        0.0018676606487792046,
        -4.104000791760434e-18,
        -7.951010644821853e-18,
        0.013001785678113732,
        0.004867610250562012,
        -1.8178718485678516e-18,
        0.0008315531825278568,
        -1.355751536364484e-18,
        -3.3234458004842225e-18,
        0.0018788531261510458
      ],
      [
        9.569827210651955e-18,
        0.021319277607952842,
        0.05411742271043724,
        -1.5043288557503388e-17,
        0.01799016938768128,
        -9.541557430462751e-18,
        -1.6689217602286896e-17,
        0.006512302480977794,
        -0.0013948562333690837,
        3.2874127634577963e-18,
        3.3821823869099615e-18,
        -0.0006448040030361253,
        3.174255089475662e-18,
        0.0003299064156635064,
        0.002653553913615975,
        2.491680865177579e-18,
        0.0011249967443329083,
        8.385135189109554e-18,
        2.0401502327288722e-17,
        -0.003057978828659699,
        8.231936217899057e-18,
        -0.00154540436585305,
        5.163743735881428e-05,
        -7.96087853261412e-18,
        3.1129502513605455e-21,
        0.004667426260645231,
        0.01328502929774455,
        -1.1515436416407563e-17,
        0.003663363297679844,
        -1.7768198495740075e-18,
        2.9676659422071506e-19,
        0.001886699570539458
      ],
      [
        0.024341829675616124,
        -7.683355446897222e-18,
        -1.5043288557503388e-17,
        0.042664963506066,
        5.897251311180805e-18,
        0.013616346425792202,
        0.005722069746966574,
        -3.0276168824313717e-18,
        8.743978050326003e-18,
        -0.00036716779407759085,
        0.00028746798641236674,
        3.570458406472085e-18,
        0.0030032793673065183,
        -5.254105112338886e-18,
        -1.7134198918458633e-18,
        0.0031080077144706973,
        1.5054935999426285e-17,
        0.0019413080329199485,
        -0.0008315143022676137,
        4.774791333247237e-18,
        0.0012483857191576575,
        -1.068709883208562e-17,
        7.739245836709327e-19,
        0.0019351610488051445,
        0.0074566400319888565,
        -7.39738223320987e-18,
        -1.9677271734754957e-18,
        0.01355087599110063,
        3.642589876435353e-18,
        0.0037822621177232853,
        0.001318104592275228,
        -1.3720225938407606e-18
      ],
      [
        -7.641071288655185e-18,
        0.004558265644357491,
        0.01799016938768128,
        5.897251311180805e-18,
        0.047403196084685725,
        -1.9631692639938142e-17,
        -4.054841945293301e-18,
        0.011840713946120036,
        0.006999721850596231,
        4.410729101362879e-18,
        -8.103557215206567e-18,
        0.0031643315707321953,
        -1.6283214488462958e-17,
        0.00042167444708194105,
        0.0037710924483635466,
        -1.594552330023308e-18,
        0.004129120880011995,
        -5.842700056919847e-18,
        -1.2181821791199083e-17,
        0.001627233305843199,
        -6.650627173995161e-18,
        -0.0019097293762298498,
        0.003399278248469031,
        -1.430359995848498e-17,
        1.6595296333506517e-18,
        0.0002821770544123993,
        0.004728555092922561,
        -1.573209327539452e-18,
        0.013735012964629664,
        -1.1910042711692422e-17,
        -3.2199299033776594e-18,
        0.0023246867193432216
      ],
      [
        0.00413036894126966,
        -1.655983009833278e-17,
        -9.541557430462751e-18,
        0.013616346425792202,
        -1.9631692639938142e-17,
        0.03601346345267495,
        0.018417845763291318,
        -1.2402242930756852e-17,
        6.704652968999398e-18,
        0.0028673956950169073,
        0.0008859276627682941,
        2.139075105709256e-18,
        0.001692114778215094,
        -1.7004837034167938e-17,
        -9.743626136134336e-18,
        0.0031099491849813175,
        9.558831979284944e-18,
        0.0013554754058501689,
        -0.0004293867660717707,
        4.084334872657363e-18,
        -0.0003084238860841033,
        -1.9200671407887982e-17,
        -1.311934034777465e-18,
        0.003283318716217778,
        0.0012572209980245463,
        -1.5013771663245098e-17,
        -5.526342772155198e-18,
        0.00407537140058845,
        -3.6439771586650064e-18,
        0.011138190352963852,
        0.005059788578748025,
        -5.182456914992892e-18
      ],
      [
        0.019443121605659544,
        -6.364831181609705e-18,
        -1.6689217602286896e-17,
        0.005722069746966574,
        -4.054841945293301e-18,
        0.018417845763291318,
        0.037871623780979385,
        -2.58602574678543e-18,
        3.134873583036601e-18,
        0.0009118014815095087,
        0.0015597803972800428,
        -2.1786300593744786e-19,
        0.00247142587828982,
        -1.1397870812487241e-17,
        -1.3497608481007488e-17,
        0.0013976659310591623,
        2.7726960401249365e-18,
        0.000664026786097703,
        -0.0013726474476621537,
        5.90003085612695e-19,
        -0.000796063806909721,
        -1.0433738670792238e-17,
        -4.384756672352149e-18,
        0.0023941158593457253,
        0.006094840839953714,
        -5.770663792519065e-19,
        3.41785381864413e-19,
        0.001636004747243592,
        1.9382748971754432e-18,
        0.005224484126111245,
        0.011900105091399615,
        1.3197564257098837e-18
      ],
      [
        1.7970234627604284e-18,
        0.011123605237634445,
        0.006512302480977794,
        -3.0276168824313717e-18,
        0.011840713946120036,
        -1.2402242930756852e-17,
        -2.58602574678543e-18,
        0.027029245802930854,
        0.0003572958964914801,
        3.230833374391927e-18,
        9.76539659607991e-18,
        0.0030884965181268353,
        2.939940655836226e-18,
        0.001857525172980708,
        3.850625560977456e-05,
        6.968885421763054e-19,
        0.00020788822286573714,
        2.5186666359412445e-18,
        1.0319334898953975e-17,
        0.0006215262577407347,
        5.598206115930381e-18,
        -0.0007987621434580732,
        0.0004661956001694635,
        -4.563288833215453e-18,
        3.968359227632047e-18,
        0.002310495920782146,
        0.001992522518487763,
        3.1120105357426293e-19,
        0.002757365574693781,
        -2.6796872767212246e-18,
        -3.992371505668691e-18,
        0.00832495223404513
      ],
      [
        -5.811453402741955e-18,
        -0.0018511708261660287,
        -0.0013948562333690837,
        8.743978050326003e-18,
        0.006999721850596231,
        6.704652968999398e-18,
        3.134873583036601e-18,
        0.0003572958964914801,
        0.05317902376398695,
        -7.115593840801299e-19,
        -3.472064954525278e-18,
        0.01719670966275472,
        2.433451838671811e-18,
        0.00491611881389337,
        0.01441191816301404,
        -5.909382131367508e-18,
        0.0238994270015535,
        -1.3347190929501144e-17,
        -8.224867175332441e-18,
        0.008012405568269562,
        -3.4558193762127632e-18,
        0.003382584600254703,
        0.007051119837751026,
        -4.7008882115473705e-18,
        3.0291941266268065e-18,
        -0.0024497823197068345,
        0.003358075740850091,
        3.947031691293106e-18,
        0.0034774720278614377,
        3.248248919151375e-18,
        1.5815788165265498e-18,
        1.616594318602038e-05
      ],
      [
        0.000755756386997726,
        -5.615488174013966e-18,
        3.2874127634577963e-18,
        -0.00036716779407759085,
        4.410729101362879e-18,
        0.0028673956950169073,
        0.0009118014815095087,
        3.230833374391927e-18,
        -7.115593840801299e-19,
        0.03468133953880905,
        0.01826407396415153,
        2.1182875987499676e-18,
        0.006951827846005048,
        -2.025466302657713e-18,
        -2.0502203528103388e-18,
        0.009062227763332893,
        -1.033783831369589e-17,
        0.015422009136426128,
        0.007125027012309619,
        2.0359858522004414e-18,
        0.0032250528346059655,
        -8.657618590557383e-18,
        3.501263007707369e-18,
        0.0045390602293787705,
        0.0001553347239863011,
        -2.476621079198159e-18,
        1.6748266943846525e-18,
        0.002949196093050154,
        6.917883889220257e-19,
        0.0017946191193435029,
        -3.2960519247742306e-06,
        -5.010977671265079e-19
      ],
      [
        -0.004039122725624508,
        5.783391058064929e-18,
        3.3821823869099615e-18,
        0.00028746798641236674,
        -8.103557215206567e-18,
        0.0008859276627682941,
        0.0015597803972800428,
        9.76539659607991e-18,
        -3.472064954525278e-18,
        0.01826407396415153,
        0.03896952852637789,
        4.779381251074909e-18,
        0.013573905222867506,
        -9.469139804242415e-18,
        -7.658416803569489e-18,
        0.0056428976612213355,
        -1.338984201625319e-17,
        0.007305158037104115,
        0.019303079006385556,
        3.545352410808878e-18,
        0.007008633303530507,
        -5.3521341874500895e-18,
        -7.059793199661322e-19,
        0.0017980212068773324,
        -0.0020380457310381485,
        8.925230223402934e-19,
        -3.253728267700502e-19,
        0.002697022341530625,
        -3.036113173076111e-18,
        0.0011109645671628678,
        0.0005634487105951494,
        9.263309217418173e-19
      ],
      [
        6.316392854822606e-20,
        -0.00348536275953729,
        -0.0006448040030361253,
        3.570458406472085e-18,
        0.0031643315707321953,
        2.139075105709256e-18,
        -2.1786300593744786e-19,
        0.0030884965181268353,
        0.01719670966275472,
        2.1182875987499676e-18,
        4.779381251074909e-18,
        0.030719608889076457,
        5.172722119273055e-18,
        0.009641695622887029,
        0.002787395927643721,
        -5.639636161912873e-19,
        0.007452475388812633,
        9.024183122045072e-19,
        1.2385992389454371e-17,
        0.01573472590931282,
        8.215203170884733e-18,
        0.0036743172497298465,
        0.00034325761458091266,
        4.369104807310693e-18,
        -7.39328201172152e-20,
        -0.002561437469803893,
        0.0006859434246962421,
        1.7893589262153557e-18,
        0.001468499285782201,
        3.1429910300231693e-18,
        2.5948724786501994e-18,
        0.0013261020990975206
      ],
      [
        0.007863874794430443,
        1.3566335545233585e-17,
        3.174255089475662e-18,
        0.0030032793673065183,
        -1.6283214488462958e-17,
        0.001692114778215094,
        0.00247142587828982,
        2.939940655836226e-18,
        2.433451838671811e-18,
        0.006951827846005048,
        0.013573905222867506,
        5.172722119273055e-18,
        0.027800719930944656,
        -1.296971195508322e-17,
        3.815005084511521e-18,
        0.00876667431962018,
        -1.6113037139563287e-18,
        0.0038424926950033755,
        0.006406590914214021,
        4.630495803318104e-18,
        0.014441653108823851,
        -1.3120264949114897e-17,
        1.1767877805938963e-18,
        0.004960960853658426,
        0.0012955030394267097,
        2.036397596567413e-18,
        7.71960819602074e-18,
        0.0012260612470502458,
        -1.3215973560679715e-17,
        0.0016668363390290714,
        -0.0006746936521243717,
        3.3182227317003285e-18
      ],
      [
        -1.218057872384235e-17,
        0.00470478312178389,
        0.0003299064156635064,
        -5.254105112338886e-18,
        0.00042167444708194105,
        -1.7004837034167938e-17,
        -1.1397870812487241e-17,
        0.001857525172980708,
        0.00491611881389337,
        -2.025466302657713e-18,
        -9.469139804242415e-18,
        0.009641695622887029,
        -1.296971195508322e-17,
        0.02029425834647683,
        0.011630005907311123,
        -9.997700094261917e-18,
        0.003534201085098981,
        2.026262683103035e-18,
        2.8779869726191844e-18,
        0.003794557315616094,
        -7.959506183958425e-18,
        0.007526846425793267,
        0.004128248231119767,
        -1.5604869537747157e-18,
        -4.499750704063504e-18,
        0.0003208465542141837,
        0.00010248843884563493,
        -4.289422380548465e-18,
        0.00041770320488511827,
        -5.5182187955298214e-18,
        -4.5632458308677154e-18,
        -0.0010861562890138684
      ],
      [
        -6.344584092323135e-18,
        0.0026394175165427055,
        0.002653553913615975,
        -1.7134198918458633e-18,
        0.0037710924483635466,
        -9.743626136134336e-18,
        -1.3497608481007488e-17,
        3.850625560977456e-05,
        0.01441191816301404,
        -2.0502203528103388e-18,
        -7.658416803569489e-18,
        0.002787395927643721,
        3.815005084511521e-18,
        0.011630005907311123,
        0.023167991717215303,
        -5.2821655906514735e-18,
        0.007706857754780319,
        -1.3526746048418355e-18,
        -9.3040958824453e-19,
        9.484604853211018e-05,
        7.384844175438998e-18,
        0.004239270979753342,
        0.01016130810779247,
        3.105421760247236e-19,
        -3.0628059259777495e-19,
        0.0004210898600581543,
        0.0006801267837590613,
        -6.09839516493909e-18,
        0.0026068792267208533,
        -4.64293973198964e-18,
        -1.2943738488483068e-18,
        -0.001195688589371717
      ],
      [
        0.0018395509913001092,
        7.90079920674414e-18,
        2.491680865177579e-18,
        0.0031080077144706973,
        -1.594552330023308e-18,
        0.0031099491849813175,
        0.0013976659310591623,
        6.968885421763054e-19,
        -5.909382131367508e-18,
        0.009062227763332893,
        0.0056428976612213355,
        -5.639636161912873e-19,
        0.00876667431962018,
        -9.997700094261917e-18,
        -5.2821655906514735e-18,
        0.015480459888201918,
        -5.635402586841333e-18,
        0.004699414378789067,
        0.001679051227024397,
        1.137820313964983e-18,
        0.004825624422800247,
        -8.826176242875529e-18,
        -2.6656710963629864e-18,
        0.007861245934138561,
        0.00036277162936097145,
        -2.0149698339147703e-19,
        -2.2933820473591002e-19,
        0.0022961904488012675,
        -5.884393804026545e-18,
        0.0021309352033767283,
        -6.833191568017787e-05,
        -4.2759828236014893e-19
      ],
      [
        1.3074395805520681e-17,
        -0.00033088487716188516,
        0.0011249967443329083,
        1.5054935999426285e-17,
        0.004129120880011995,
        9.558831979284944e-18,
        2.7726960401249365e-18,
        0.00020788822286573714,
        0.0238994270015535,
        -1.033783831369589e-17,
        -1.338984201625319e-17,
        0.007452475388812633,
        -1.6113037139563287e-18,
        0.003534201085098981,
        0.007706857754780319,
        -5.635402586841333e-18,
        0.0463946420003183,
        -3.549221927705388e-18,
        -6.012788481983995e-18,
        0.015088448827757306,
        2.9809277091774978e-18,
        0.004183420720019574,
        0.011911601290728751,
        -2.087812452798864e-18,
        -3.0857225142099836e-18,
        -0.0013759803044841317,
        -0.0003334586969012255,
        -2.7527328866998807e-18,
        0.0043794227575730425,
        6.881222399617846e-18,
        8.141975755755145e-18,
        0.0002799061251558094
      ],
      [
        0.004667545020185971,
        9.060868696747048e-18,
        8.385135189109554e-18,
        0.0019413080329199485,
        -5.842700056919847e-18,
        0.0013554754058501689,
        0.000664026786097703,
        2.5186666359412445e-18,
        -1.3347190929501144e-17,
        0.015422009136426128,
        0.007305158037104115,
        9.024183122045072e-19,
        0.0038424926950033755,
        2.026262683103035e-18,
        -1.3526746048418355e-18,
        0.004699414378789067,
        -3.549221927705388e-18,
        0.03103488328069599,
        0.016627122305617047,
        -3.889056145833352e-18,
        0.006909920598379511,
        -7.803074566807281e-18,
        -2.483248955656683e-19,
        0.007857357176339334,
        0.00046860504133270243,
        6.87363826792191e-18,
        9.838804391030453e-18,
        0.00016113484993837733,
        -5.721714410759124e-18,
        0.002335683782052147,
        0.0009889224443926997,
        9.475114939021639e-18
      ],
      [
        -0.0067597975715353855,
        2.127191000897385e-17,
        2.0401502327288722e-17,
        -0.0008315143022676137,
        -1.2181821791199083e-17,
        -0.0004293867660717707,
        -0.0013726474476621537,
        1.0319334898953975e-17,
        -8.224867175332441e-18,
        0.007125027012309619,
        0.019303079006385556,
        1.2385992389454371e-17,
        0.006406590914214021,
        2.8779869726191844e-18,
        -9.3040958824453e-19,
        0.001679051227024397,
        -6.012788481983995e-18,
        0.016627122305617047,
        0.0357141618303818,
        1.963979121176197e-18,
        0.014206724029204438,
        -3.21947791714157e-18,
        1.295299099315618e-18,
        0.005518619447371628,
        -0.003380218517753708,
        5.6545198513991494e-18,
        1.2324094987260377e-17,
        1.501027629153954e-05,
        -5.272634031444937e-18,
        0.000809120894882792,
        0.0011907488853790844,
        6.252669084486747e-18
      ],
      [
        -2.738832274871299e-18,
        -0.005345467984837399,
        -0.003057978828659699,
        4.774791333247237e-18,
        0.001627233305843199,
        4.084334872657363e-18,
        5.90003085612695e-19,
        0.0006215262577407347,
        0.008012405568269562,
        2.0359858522004414e-18,
        3.545352410808878e-18,
        0.01573472590931282,
        4.630495803318104e-18,
        0.003794557315616094,
        9.484604853211018e-05,
        1.137820313964983e-18,
        0.015088448827757306,
        -3.889056145833352e-18,
        1.963979121176197e-18,
        0.027191044466097925,
        1.24609665363868e-17,
        0.009742534479145953,
        0.0034891529015553206,
        5.155648620915626e-18,
        -3.1771817131300764e-19,
        -0.0026005139459219315,
        -0.0003048193610038025,
        3.998209290118172e-18,
        0.0016262204130617678,
        4.322114480335782e-18,
        3.805565525794576e-18,
        0.0017114256009678052
      ],
      [
        0.0021305320555545667,
        1.3699589392546246e-17,
        8.231936217899057e-18,
        0.0012483857191576575,
        -6.650627173995161e-18,
        -0.0003084238860841033,
        -0.000796063806909721,
        5.598206115930381e-18,
        -3.4558193762127632e-18,
        0.0032250528346059655,
        0.007008633303530507,
        8.215203170884733e-18,
        0.014441653108823851,
        -7.959506183958425e-18,
        7.384844175438998e-18,
        0.004825624422800247,
        2.9809277091774978e-18,
        0.006909920598379511,
        0.014206724029204438,
        1.24609665363868e-17,
        0.026699482693345628,
        -4.890623347721403e-18,
        5.862030996098359e-18,
        0.008275176314080666,
        0.004191187269758737,
        -1.890298025885531e-20,
        4.9423477346270304e-18,
        0.0020888286487084967,
        -1.4554645266143651e-18,
        0.0010876561272936429,
        0.0013374853276321194,
        6.301336450427666e-18
      ],
      [
        -1.3822321535313895e-17,
        0.0010563643279361443,
        -0.00154540436585305,
        -1.068709883208562e-17,
        -0.0019097293762298498,
        -1.9200671407887982e-17,
        -1.0433738670792238e-17,
        -0.0007987621434580732,
        0.003382584600254703,
        -8.657618590557383e-18,
        -5.3521341874500895e-18,
        0.0036743172497298465,
        -1.3120264949114897e-17,
        0.007526846425793267,
        0.004239270979753342,
        -8.826176242875529e-18,
        0.004183420720019574,
        -7.803074566807281e-18,
        -3.21947791714157e-18,
        0.009742534479145953,
        -4.890623347721403e-18,
        0.020737532843491033,
        0.01148072536730542,
        -1.0385287420007492e-17,
        -1.052778049137642e-17,
        0.003000675183698794,
        0.0008099352773341583,
        -6.0373470645682485e-18,
        0.0006743807511421442,
        -8.153279667234142e-18,
        -2.3255525666490628e-18,
        0.0012979078824804148
      ],
      [
        7.873139728693346e-18,
        0.0018676606487792046,
        5.163743735881428e-05,
        7.739245836709327e-19,
        0.003399278248469031,
        -1.311934034777465e-18,
        -4.384756672352149e-18,
        0.0004661956001694635,
        0.007051119837751026,
        3.501263007707369e-18,
        -7.059793199661322e-19,
        0.00034325761458091266,
        1.1767877805938963e-18,
        0.004128248231119767,
        0.01016130810779247,
        -2.6656710963629864e-18,
        0.011911601290728751,
        -2.483248955656683e-19,
        1.295299099315618e-18,
        0.0034891529015553206,
        5.862030996098359e-18,
        0.01148072536730542,
        0.022267968237760637,
        -8.601400557451697e-18,
        1.7096019231726053e-18,
        0.0012800114902017843,
        0.002777020485717536,
        -1.890401237502342e-18,
        0.0030607290653768605,
        -1.5518102004712911e-18,
        9.332553566299759e-19,
        0.0004167591738193
      ],
      [
        0.0012336006067436593,
        -4.104000791760434e-18,
        -7.96087853261412e-18,
        0.0019351610488051445,
        -1.430359995848498e-17,
        0.003283318716217778,
        0.0023941158593457253,
        -4.563288833215453e-18,
        -4.7008882115473705e-18,
        0.0045390602293787705,
        0.0017980212068773324,
        4.369104807310693e-18,
        0.004960960853658426,
        -1.5604869537747157e-18,
        3.105421760247236e-19,
        0.007861245934138561,
        -2.087812452798864e-18,
        0.007857357176339334,
        0.005518619447371628,
        5.155648620915626e-18,
        0.008275176314080666,
        -1.0385287420007492e-17,
        -8.601400557451697e-18,
        0.015029947075878273,
        0.0008480281188233839,
        -2.2995020659170306e-18,
        -4.077087168567763e-18,
        0.00138264053346041,
        -3.0547099512174003e-18,
        0.0022652863363035844,
        0.0009803743512798863,
        2.893649828251295e-18
      ],
      [
        0.027333152699070374,
        -7.951010644821853e-18,
        3.1129502513605455e-21,
        0.0074566400319888565,
        1.6595296333506517e-18,
        0.0012572209980245463,
        0.006094840839953714,
        3.968359227632047e-18,
        3.0291941266268065e-18,
        0.0001553347239863011,
        -0.0020380457310381485,
        -7.39328201172152e-20,
        0.0012955030394267097,
        -4.499750704063504e-18,
        -3.0628059259777495e-19,
        0.00036277162936097145,
        -3.0857225142099836e-18,
        0.00046860504133270243,
        -0.003380218517753708,
        -3.1771817131300764e-19,
        0.004191187269758737,
        -1.052778049137642e-17,
        1.7096019231726053e-18,
        0.0008480281188233839,
        0.02976470625893187,
        5.6378274842995385e-18,
        5.035660515483662e-18,
        0.00949162468841335,
        -2.183970502870472e-18,
        0.0020476928185576082,
        0.007268265865305196,
        8.279425780947949e-18
      ],
      [
        5.391847560740137e-18,
        0.013001785678113732,
        0.004667426260645231,
        -7.39738223320987e-18,
        0.0002821770544123993,
        -1.5013771663245098e-17,
        -5.770663792519065e-19,
        0.002310495920782146,
        -0.0024497823197068345,
        -2.476621079198159e-18,
        8.925230223402934e-19,
        -0.002561437469803893,
        2.036397596567413e-18,
        0.0003208465542141837,
        0.0004210898600581543,
        -2.0149698339147703e-19,
        -0.0013759803044841317,
        6.87363826792191e-18,
        5.6545198513991494e-18,
        -0.0026005139459219315,
        -1.890298025885531e-20,
        0.003000675183698794,
        0.0012800114902017843,
        -2.2995020659170306e-18,
        5.6378274842995385e-18,
        0.023681059372317913,
        0.011349491216547897,
        -6.624470851390767e-18,
        0.0033719206409373796,
        -8.527061952641266e-18,
        -1.2310235863915438e-18,
        0.006526078337201622
      ],
      [
        1.444569565644636e-17,
        0.004867610250562012,
        0.01328502929774455,
        -1.9677271734754957e-18,
        0.004728555092922561,
        -5.526342772155198e-18,
        3.41785381864413e-19,
        0.001992522518487763,
        0.003358075740850091,
        1.6748266943846525e-18,
        -3.253728267700502e-19,
        0.0006859434246962421,
        7.71960819602074e-18,
        0.00010248843884563493,
        0.0006801267837590613,
        -2.2933820473591002e-19,
        -0.0003334586969012255,
        9.838804391030453e-18,
        1.2324094987260377e-17,
        -0.0003048193610038025,
        4.9423477346270304e-18,
        0.0008099352773341583,
        0.002777020485717536,
        -4.077087168567763e-18,
        5.035660515483662e-18,
        0.011349491216547897,
        0.025955163471262165,
        -4.957780529783408e-18,
        0.008835692555715317,
        -1.6744458699921891e-18,
        -5.343874777820665e-19,
        0.0028276947040431952
      ],
      [
        0.007066324035074898,
        -1.8178718485678516e-18,
        -1.1515436416407563e-17,
        0.01355087599110063,
        -1.573209327539452e-18,
        0.00407537140058845,
        0.001636004747243592,
        3.1120105357426293e-19,
        3.947031691293106e-18,
        0.002949196093050154,
        0.002697022341530625,
        1.7893589262153557e-18,
        0.0012260612470502458,
        -4.289422380548465e-18,
        -6.09839516493909e-18,
        0.0022961904488012675,
        -2.7527328866998807e-18,
        0.00016113484993837733,
        1.501027629153954e-05,
        3.998209290118172e-18,
        0.0020888286487084967,
        -6.0373470645682485e-18,
        -1.890401237502342e-18,
        0.00138264053346041,
        0.00949162468841335,
        -6.624470851390767e-18,
        -4.957780529783408e-18,
        0.015871922507755563,
        1.3074241431809087e-18,
        0.0057814578555207795,
        0.002717233614804554,
        9.961220456336671e-19
      ],
      [
        -7.739525413125271e-18,
        0.0008315531825278568,
        0.003663363297679844,
        3.642589876435353e-18,
        0.013735012964629664,
        -3.6439771586650064e-18,
        1.9382748971754432e-18,
        0.002757365574693781,
        0.0034774720278614377,
        6.917883889220257e-19,
        -3.036113173076111e-18,
        0.001468499285782201,
        -1.3215973560679715e-17,
        0.00041770320488511827,
        0.0026068792267208533,
        -5.884393804026545e-18,
        0.0043794227575730425,
        -5.721714410759124e-18,
        -5.272634031444937e-18,
        0.0016262204130617678,
        -1.4554645266143651e-18,
        0.0006743807511421442,
        0.0030607290653768605,
        -3.0547099512174003e-18,
        -2.183970502870472e-18,
        0.0033719206409373796,
        0.008835692555715317,
        1.3074241431809087e-18,
        0.01933502595719022,
        -8.215233692900124e-18,
        3.317352912726019e-18,
        0.006420296783661197
      ],
      [
        0.0013014249351825217,
        -1.355751536364484e-18,
        -1.7768198495740075e-18,
        0.0037822621177232853,
        -1.1910042711692422e-17,
        0.011138190352963852,
        0.005224484126111245,
        -2.6796872767212246e-18,
        3.248248919151375e-18,
        0.0017946191193435029,
        0.0011109645671628678,
        3.1429910300231693e-18,
        0.0016668363390290714,
        -5.5182187955298214e-18,
        -4.64293973198964e-18,
        0.0021309352033767283,
        6.881222399617846e-18,
        0.002335683782052147,
        0.000809120894882792,
        4.322114480335782e-18,
        0.0010876561272936429,
        -8.153279667234142e-18,
        -1.5518102004712911e-18,
        0.0022652863363035844,
        0.0020476928185576082,
        -8.527061952641266e-18,
        -1.6744458699921891e-18,
        0.0057814578555207795,
        -8.215233692900124e-18,
        0.014002685857413604,
        0.008247504738485791,
        -3.2064760690446205e-18
      ],
      [
        0.006131253926534001,
        -3.3234458004842225e-18,
        2.9676659422071506e-19,
        0.001318104592275228,
        -3.2199299033776594e-18,
        0.005059788578748025,
        0.011900105091399615,
        -3.992371505668691e-18,
        1.5815788165265498e-18,
        -3.2960519247742306e-06,
        0.0005634487105951494,
        2.5948724786501994e-18,
        -0.0006746936521243717,
        -4.5632458308677154e-18,
        -1.2943738488483068e-18,
        -6.833191568017787e-05,
        8.141975755755145e-18,
        0.0009889224443926997,
        0.0011907488853790844,
        3.805565525794576e-18,
        0.0013374853276321194,
        -2.3255525666490628e-18,
        9.332553566299759e-19,
        0.0009803743512798863,
        0.007268265865305196,
        -1.2310235863915438e-18,
        -5.343874777820665e-19,
        0.002717233614804554,
        3.317352912726019e-18,
        0.008247504738485791,
        0.013851112089498463,
        1.8827321351072344e-18
      ],
      [
        8.373055323705226e-18,
        0.0018788531261510458,
        0.001886699570539458,
        -1.3720225938407606e-18,
        0.0023246867193432216,
        -5.182456914992892e-18,
        1.3197564257098837e-18,
        0.00832495223404513,
        1.616594318602038e-05,
        -5.010977671265079e-19,
        9.263309217418173e-19,
        0.0013261020990975206,
        3.3182227317003285e-18,
        -0.0010861562890138684,
        -0.001195688589371717,
        -4.2759828236014893e-19,
        0.0002799061251558094,
        9.475114939021639e-18,
        6.252669084486747e-18,
        0.0017114256009678052,
        6.301336450427666e-18,
        0.0012979078824804148,
        0.0004167591738193,
        2.893649828251295e-18,
        8.279425780947949e-18,
        0.006526078337201622,
        0.0028276947040431952,
        9.961220456336671e-19,
        0.006420296783661197,
        -3.2064760690446205e-18,
        1.8827321351072344e-18,
        0.009989145625151344
      ]
    ],
    "noiseless_rho": [
      [
        0.08357068699627086,
        -4.700742001907902e-18,
        9.569827210651955e-18,
        0.024341829675616124,
        -7.641071288655185e-18,
        0.00413036894126966,
        0.019443121605659544,
        1.7970234627604284e-18,
        -5.811453402741955e-18,
        0.000755756386997726,
        -0.004039122725624508,
        6.316392854822606e-20,
        0.007863874794430443,
        -1.218057872384235e-17,
        -6.344584092323135e-18,
        0.0018395509913001092,
        1.3074395805520681e-17,
        0.004667545020185971,
        -0.0067597975715353855,
        -2.738832274871299e-18,
        0.0021305320555545667,
        -1.3822321535313895e-17,
        7.873139728693346e-18,
        0.0012336006067436593,
        0.027333152699070374,
        5.391847560740137e-18,
        1.444569565644636e-17,
        0.007066324035074898,
        -7.739525413125271e-18,
        0.0013014249351825217,
        0.006131253926534001,
        8.373055323705226e-18
      ],
      [
        -4.700742001907902e-18,
        0.049515983497374357,
        0.021319277607952842,
        -7.683355446897222e-18,
        0.004558265644357491,
        -1.655983009833278e-17,
        -6.364831181609705e-18,
        0.011123605237634445,
        -0.0018511708261660287,
        -5.615488174013966e-18,
        5.783391058064929e-18,
        -0.00348536275953729,
        1.3566335545233585e-17,
        0.00470478312178389,
        0.0026394175165427055,
        7.90079920674414e-18,
        -0.00033088487716188516,
        9.060868696747048e-18,
        2.127191000897385e-17,
        -0.005345467984837399,
        1.3699589392546246e-17,
        0.0010563643279361443,
        0.0018676606487792046,
        -4.104000791760434e-18,
        -7.951010644821853e-18,
        0.013001785678113732,
        0.004867610250562012,
        -1.8178718485678516e-18,
        0.0008315531825278568,
        -1.355751536364484e-18,
        -3.3234458004842225e-18,
        0.0018788531261510458
      ],
      [
        9.569827210651955e-18,
        0.021319277607952842,
        0.05411742271043724,
        -1.5043288557503388e-17,
        0.01799016938768128,
        -9.541557430462751e-18,
        -1.6689217602286896e-17,
        0.006512302480977794,
        -0.0013948562333690837,
        3.2874127634577963e-18,
        3.3821823869099615e-18,
        -0.0006448040030361253,
        3.174255089475662e-18,
        0.0003299064156635064,
        0.002653553913615975,
        2.491680865177579e-18,
        0.0011249967443329083,
        8.385135189109554e-18,
        2.0401502327288722e-17,
        -0.003057978828659699,
        8.231936217899057e-18,
        -0.00154540436585305,
        5.163743735881428e-05,
        -7.96087853261412e-18,
        3.1129502513605455e-21,
        0.004667426260645231,
        0.01328502929774455,
        -1.1515436416407563e-17,
        0.003663363297679844,
        -1.7768198495740075e-18,
        2.9676659422071506e-19,
        0.001886699570539458
      ],
      [
        0.024341829675616124,
        -7.683355446897222e-18,
        -1.5043288557503388e-17,
        0.042664963506066,
        5.897251311180805e-18,
        0.013616346425792202,
        0.005722069746966574,
        -3.0276168824313717e-18,
        8.743978050326003e-18,
        -0.00036716779407759085,
        0.00028746798641236674,
        3.570458406472085e-18,
        0.0030032793673065183,
        -5.254105112338886e-18,
        -1.7134198918458633e-18,
        0.0031080077144706973,
        1.5054935999426285e-17,
        0.0019413080329199485,
        -0.0008315143022676137,
        4.774791333247237e-18,
        0.0012483857191576575,
        -1.068709883208562e-17,
        7.739245836709327e-19,
        0.0019351610488051445,
        0.0074566400319888565,
        -7.39738223320987e-18,
        -1.9677271734754957e-18,
        0.01355087599110063,
        3.642589876435353e-18,
        0.0037822621177232853,
        0.001318104592275228,
        -1.3720225938407606e-18
      ],
      [
        -7.641071288655185e-18,
        0.004558265644357491,
        0.01799016938768128,
        5.897251311180805e-18,
        0.047403196084685725,
        -1.9631692639938142e-17,
        -4.054841945293301e-18,
        0.011840713946120036,
        0.006999721850596231,
        4.410729101362879e-18,
        -8.103557215206567e-18,
        0.0031643315707321953,
        -1.6283214488462958e-17,
        0.00042167444708194105,
        0.0037710924483635466,
        -1.594552330023308e-18,
        0.004129120880011995,
        -5.842700056919847e-18,
        -1.2181821791199083e-17,
        0.001627233305843199,
        -6.650627173995161e-18,
        -0.0019097293762298498,
        0.003399278248469031,
        -1.430359995848498e-17,
        1.6595296333506517e-18,
        0.0002821770544123993,
        0.004728555092922561,
        -1.573209327539452e-18,
        0.013735012964629664,
        -1.1910042711692422e-17,
        -3.2199299033776594e-18,
        0.0023246867193432216
      ],
      [
        0.00413036894126966,
        -1.655983009833278e-17,
        -9.541557430462751e-18,
        0.013616346425792202,
        -1.9631692639938142e-17,
        0.03601346345267495,
        0.018417845763291318,
        -1.2402242930756852e-17,
        6.704652968999398e-18,
        0.0028673956950169073,
        0.0008859276627682941,
        2.139075105709256e-18,
        0.001692114778215094,
        -1.7004837034167938e-17,
        -9.743626136134336e-18,
        0.0031099491849813175,
        9.558831979284944e-18,
        0.0013554754058501689,
        -0.0004293867660717707,
        4.084334872657363e-18,
        -0.0003084238860841033,
        -1.9200671407887982e-17,
        -1.311934034777465e-18,
