{
  "n": 5,
  "J": 1.0,
  "h": 0.5,
  "beta": 0.8,
  "calculated_result": {
    "n": 5,
    "J": 1.0,
    "h": 0.5,
    "beta": 0.8,
    "params": [
      -1.9868886745388572,
      -5.885999410582917,
      -10.164651734173011,
      10.95524392535542,
      -9.757975358685334,
      9.814862997101587,
      3.6992053055465193,
      1.0325527413170161,
      5.513195733150505,
      -6.038298611168033,
      3.807246862063908,
      -0.16570476443512394,
      7.8973459017047585,
      8.174759164704392,
      7.953660419310387,
      -5.574080337992179,
      0.6751201608492376,
      6.123929187657222,
      6.13224795799122,
      4.0415905550175255,
      5.5190294584700865,
      -1.4524284940999797,
      3.971573626321153,
      2.637258705286461,
      4.822952927701822,
      4.833240244934059,
      3.0446573525937786,
      0.8782778423741766,
      -5.892267527381483,
      13.10237888326184,
      4.275245752192147,
      1.544584713954731,
      2.0838643338029574,
      -8.593837749412257,
      7.402688214339092,
      1.8005593534725892,
      0.24785068049975717,
      2.5500229536979764,
      0.592981457160517,
      1.1245478122179438,
      5.335862793614872,
      6.931527987945033,
      6.504043599508687,
      14.690330504124022,
      4.031137544680744,
      4.71003331400118,
      0.43462127718938465,
      10.209121383306188,
      4.541037810921528,
      -3.2196690937718837,
      4.868172600757317,
      -0.9895943589430118,
      -2.689395453659475,
      14.611138786389224,
      14.425910449859606,
      5.150316189599369,
      -6.739057882448233
    ],
    "cost": -5.3575132301247725,
    "energy": -2.152484914184858,
    "entropy": 2.5640226527519316,
    "rho": [
      [
        0.0685324036619336,
        8.19393221121129e-18,
        5.307228502735743e-18,
        0.03788026618871768,
        -3.4206400596025515e-17,
        0.03998664748623451,
        0.04199937258938603,
        -1.1514368980620849e-18,
        4.73449674774291e-18,
        0.00026954718260859315,
        0.004611292453230388,
        2.145142003066995e-18,
        0.018533102280295585,
        -1.2083492003708688e-17,
        4.976628975062279e-19,
        0.007234066202938214,
        2.187580820101323e-18,
        -0.013195627917656088,
        0.0008009112165522066,
        1.8143280530940153e-17,
        0.02308888275017463,
        5.171681615883933e-18,
        -1.4753030863396757e-17,
        0.004566654566415173,
        0.01802253939244586,
        5.032085329165712e-19,
        3.3194941618906584e-18,
        0.010608481949714366,
        -1.5861785290582864e-17,
        0.006204522168499632,
        0.009208192350841967,
        -1.4351683202990433e-18
      ],
      [
        8.19393221121129e-18,
        0.027654282032756425,
        0.01831977194108494,
        2.830003951575605e-17,
        -0.00356815728221642,
        6.466701762577983e-18,
        3.0046118500600446e-18,
        -0.008695578531604938,
        -0.010069413831336449,
        6.831265968222013e-18,
        1.3351382394636044e-17,
        -0.004267666791852757,
        7.074238112460495e-18,
        -0.0005040973391925465,
        0.0030560150249708587,
        1.8555675147949765e-18,
        -0.01056163363747999,
        -1.2539119886541801e-18,
        7.379487824546088e-18,
        -0.003306377557453606,
        8.900341487819699e-18,
        -0.003560855704966002,
        0.0008023680372617968,
        -5.0468365060950304e-18,
        8.632539368881321e-19,
        0.0032493617624843605,
        0.0030723438228151645,
        1.844323907155535e-18,
        -0.0016402431042130015,
        -4.9062020285343854e-18,
        -3.526111410767383e-18,
        -0.0019262631039165764
      ],
      [
        5.307228502735743e-18,
        0.01831977194108494,
        0.04730338879491015,
        7.663628145235238e-18,
        0.024980398660743725,
        -9.980447921494545e-18,
        -2.7021622838738518e-17,
        0.0061069992918922275,
        -0.00042550524875832173,
        8.9972049851906e-19,
        6.253160588066246e-18,
        0.002040775698079457,
        -6.936790393436172e-18,
        0.004996753931809695,
        0.005101931504660422,
        -1.0369732914008749e-17,
        0.0005964365265004922,
        -4.8554403438835354e-18,
        6.556696188325789e-18,
        0.012260052874390399,
        6.051545530557349e-19,
        0.012512423061421996,
        0.008463097340018159,
        -4.579169493963077e-19,
        -9.59407186718201e-19,
        0.004922097175554473,
        0.01125624459505974,
        -1.4483900069905865e-17,
        0.006438818402260378,
        -1.5122651350008796e-17,
        -1.0371103414822996e-17,
        0.0030976916318461315
      ],
      [
        0.03788026618871768,
        2.830003951575605e-17,
        7.663628145235238e-18,
        0.06131330023922143,
        -3.422629379914835e-17,
        0.043384532714868335,
        0.03196206536761497,
        -1.3422796412456263e-17,
        -4.503342362998412e-18,
        -0.0032718134082075686,
        0.013161952254832392,
        6.248303032237447e-18,
        0.018199369879001927,
        -1.0536654148240994e-17,
        2.5399032274139723e-18,
        0.00953683564231526,
        6.769307263584887e-18,
        -0.016239209296912305,
        0.012661180755042656,
        1.7804430542480516e-17,
        0.023401464259692875,
        1.5307251514859258e-17,
        -2.581968165740489e-18,
        0.008797559711401271,
        0.011691313467594056,
        2.723218271075339e-18,
        1.3615251856624759e-17,
        0.012216403841273885,
        -4.360092608765563e-18,
        0.006429531132324095,
        0.006408849388320545,
        5.9189647107767624e-18
      ],
      [
        -3.4206400596025515e-17,
        -0.00356815728221642,
        0.024980398660743725,
        -3.422629379914835e-17,
        0.06778628899516588,
        -3.5087998487828016e-17,
        -4.6497199711663194e-17,
        0.024315566193150773,
        0.00976510922689938,
        2.1335434929687088e-19,
        -3.404639894038653e-18,
        0.008941023147796533,
        -2.3562786272512434e-17,
        0.0049831105032490785,
        0.0033113355425584967,
        -1.6470828803834553e-17,
        0.010110909908132428,
        2.0544381391332425e-17,
        8.024255268715587e-18,
        0.015010394496383405,
        -9.942333501103362e-18,
        0.024513257647478894,
        0.010590475937400683,
        4.5488802036061724e-18,
        -1.9199753441004147e-18,
        0.0033139797617564738,
        0.007575194603395025,
        -2.7102187698359318e-17,
        0.016101369005313563,
        -1.4686122010019802e-17,
        -1.6208075467618324e-17,
        0.00647878517319052
      ],
      [
        0.03998664748623451,
        6.466701762577983e-18,
        -9.980447921494545e-18,
        0.043384532714868335,
        -3.5087998487828016e-17,
        0.07033991156289493,
        0.02900829793574833,
        -7.299349705500524e-18,
        3.08420484519433e-18,
        0.0027529110447371812,
        0.014956000941183668,
        2.0964534527297905e-18,
        0.0246219071800737,
        -1.488164006346538e-17,
        8.147046647555306e-19,
        0.005793286670954643,
        1.4766404646868195e-17,
        -0.008171365907417212,
        0.016946308950206598,
        1.8456724476952876e-17,
        0.029706826265597022,
        1.2380573320189771e-17,
        -1.4783223572054796e-17,
        0.003071343502256718,
        0.011574520535384622,
        4.3667730855441195e-18,
        1.5409222897474983e-17,
        0.009692569501807783,
        -6.853958078628197e-18,
        0.01054910528057693,
        0.008385503188924202,
        3.1601331853458467e-18
      ],
      [
        0.04199937258938603,
        3.0046118500600446e-18,
        -2.7021622838738518e-17,
        0.03196206536761497,
        -4.6497199711663194e-17,
        0.02900829793574833,
        0.054827678433911765,
        -7.992698062216877e-18,
        1.4843503673266438e-18,
        0.00476775516813555,
        0.01132075786476543,
        -7.747164350260531e-19,
        0.014791426777999103,
        -1.025452612316748e-17,
        -8.317002604510577e-19,
        0.007653145618307013,
        2.236153989780859e-19,
        -0.0019358816677774837,
        0.011776209484060874,
        1.0638919527777982e-17,
        0.021025729179283723,
        -1.2961624192001303e-18,
        -1.0877680049748461e-17,
        0.0033337845917192147,
        0.011670707070854762,
        6.068535912523443e-18,
        1.0999233586374626e-17,
        0.008217572266690185,
        -2.3803652070093167e-18,
        0.005811243492299522,
        0.011758482624654027,
        -4.086147096391136e-18
      ],
      [
        -1.1514368980620849e-18,
        -0.008695578531604938,
        0.0061069992918922275,
        -1.3422796412456263e-17,
        0.024315566193150773,
        -7.299349705500524e-18,
        -7.992698062216877e-18,
        0.02583285048161868,
        0.0021431126308910447,
        6.026275765954889e-18,
        -3.840867581274466e-18,
        0.001669808058856627,
        -1.460668932954929e-17,
        -0.001622148695157035,
        -0.0034431260072712976,
        -6.340936977996972e-18,
        0.0016991951970858424,
        1.3038772320835201e-17,
        1.6838578572556917e-18,
        0.002288342704539039,
        -7.293100227597532e-18,
        0.003764987130652368,
        0.0010655824363086652,
        1.7168463852261968e-18,
        8.246683196834257e-18,
        -0.001943640608554056,
        0.002544500467160672,
        -5.3102837881284024e-18,
        0.0052669464523615594,
        2.510869446414532e-18,
        1.570717339892857e-18,
        0.004177133625636658
      ],
      [
        4.73449674774291e-18,
        -0.010069413831336449,
        -0.00042550524875832173,
        -4.503342362998412e-18,
        0.00976510922689938,
        3.08420484519433e-18,
        1.4843503673266438e-18,
        0.0021431126308910447,
        0.02347698945564802,
        -6.200613928362617e-18,
        2.3731137842081808e-18,
        0.011316454247570636,
        5.2043613743973434e-18,
        0.008013072397473044,
        0.0070455597628559866,
        7.295819499132351e-18,
        0.024927404091119054,
        4.5540620791751306e-18,
        3.217909896807608e-18,
        0.01299922748547569,
        1.1838564284814317e-17,
        0.012140260230646894,
        0.005332048115565141,
        1.1635392300788545e-17,
        6.181672263770809e-19,
        0.0028061273739565296,
        0.0023507094020644697,
        -1.1695584669695911e-17,
        0.002843610354384268,
        -7.464680523519148e-18,
        -3.874943376868469e-18,
        0.00035348240859000733
      ],
      [
        0.00026954718260859315,
        6.831265968222013e-18,
        8.9972049851906e-19,
        -0.0032718134082075686,
        2.1335434929687088e-19,
        0.0027529110447371812,
        0.00476775516813555,
        6.026275765954889e-18,
        -6.200613928362617e-18,
        0.01807128718564947,
        -0.00124812015291744,
        -7.26382800260577e-20,
        0.0015017218655918882,
        -1.866932571881183e-18,
        5.5601608942941545e-18,
        0.005906140663409729,
        -1.777547691556861e-18,
        0.009464370821191162,
        0.005827310975813315,
        -4.460946188775552e-18,
        0.0036658242787633005,
        2.605891829667859e-19,
        3.760332712018384e-18,
        -0.0017128042183843565,
        -0.0006736884796388989,
        2.3308209800829875e-18,
        2.9232571570418768e-18,
        0.0004253022389733329,
        8.822436186313615e-19,
        -0.00017699721887735626,
        0.0016038012962516352,
        -1.381551767100364e-18
      ],
      [
        0.004611292453230388,
        1.3351382394636044e-17,
        6.253160588066246e-18,
        0.013161952254832392,
        -3.404639894038653e-18,
        0.014956000941183668,
        0.01132075786476543,
        -3.840867581274466e-18,
        2.3731137842081808e-18,
        -0.00124812015291744,
        0.020324664013683724,
        2.172216388452929e-19,
        0.015647176551658173,
        -6.739277720475213e-18,
        -1.0430958380414546e-18,
        0.003231127760069773,
        7.00075237849273e-18,
        0.001535443110464736,
        0.019513304979342713,
        4.112523332164675e-18,
        0.01926423523564239,
        -4.844473745106991e-18,
        -4.820804476034792e-18,
        0.004481485553255149,
        0.004165116868346105,
        5.634389563284215e-18,
        1.110498953281213e-17,
        0.001879132097024089,
        7.283910079550311e-19,
        0.0011419927133597023,
        0.0019716910805056115,
        -3.480041698124827e-18
      ],
      [
        2.145142003066995e-18,
        -0.004267666791852757,
        0.002040775698079457,
        6.248303032237447e-18,
        0.008941023147796533,
        2.0964534527297905e-18,
        -7.747164350260531e-19,
        0.001669808058856627,
        0.011316454247570636,
        -7.26382800260577e-20,
        2.172216388452929e-19,
        0.014045401246705932,
        -6.334358218922992e-18,
        0.008755132271466546,
        0.007153473165976059,
        4.014905660966665e-18,
        0.013218501796289757,
        6.2888848921841916e-18,
        2.4505740711692385e-18,
        0.015842785412043703,
        -2.8172067497896416e-18,
        0.009399979961448925,
        0.009342964040772459,
        9.047937668207582e-18,
        6.69064612166657e-19,
        0.0017338756406880345,
        0.0023776113234005554,
        -3.344538436622343e-18,
        0.0023792195482869863,
        2.4034742489460424e-19,
        -3.823999877722272e-18,
        0.0013119020625629704
      ],
      [
        0.018533102280295585,
        7.074238112460495e-18,
        -6.936790393436172e-18,
        0.018199369879001927,
        -2.3562786272512434e-17,
        0.0246219071800737,
        0.014791426777999103,
        -1.460668932954929e-17,
        5.2043613743973434e-18,
        0.0015017218655918882,
        0.015647176551658173,
        -6.334358218922992e-18,
        0.03413497854268248,
        -1.6893185850723216e-17,
        -3.4568381570663885e-18,
        0.007670183035978902,
        6.939064694411234e-18,
        -0.003670899172339248,
        0.018324533505282584,
        -5.2728637519580416e-18,
        0.037822131312608746,
        -9.766390340158342e-18,
        -1.5142432820924003e-17,
        0.011419222433810286,
        0.004738550141303043,
        7.802332604263177e-18,
        5.970453080595554e-18,
        0.004304617324104993,
        -1.0195050477501401e-17,
        0.0006901166092554791,
        0.00012702632894916367,
        -5.908890868331677e-18
      ],
      [
        -1.2083492003708688e-17,
        -0.0005040973391925465,
        0.004996753931809695,
        -1.0536654148240994e-17,
        0.0049831105032490785,
        -1.488164006346538e-17,
        -1.025452612316748e-17,
        -0.001622148695157035,
        0.008013072397473044,
        -1.866932571881183e-18,
        -6.739277720475213e-18,
        0.008755132271466546,
        -1.6893185850723216e-17,
        0.015279533472290528,
        0.010345674439968729,
        -1.859444098863064e-18,
        0.01018622402474077,
        7.957353247892896e-18,
        -8.470878531794577e-18,
        0.008527460678121832,
        -1.7422584558168746e-17,
        0.01769157293811489,
        0.014415966031446023,
        -3.041911554257071e-18,
        -4.5312591032222244e-18,
        0.0021898327039859542,
        0.00130797673788085,
        -7.800018011050717e-18,
        0.001989736755478802,
        -3.58072294913208e-18,
        -4.526825736308617e-18,
        0.001594756703906307
      ],
      [
        4.976628975062279e-19,
        0.0030560150249708587,
        0.005101931504660422,
        2.5399032274139723e-18,
        0.0033113355425584967,
        8.147046647555306e-19,
        -8.317002604510577e-19,
        -0.0034431260072712976,
        0.0070455597628559866,
        5.5601608942941545e-18,
        -1.0430958380414546e-18,
        0.007153473165976059,
        -3.4568381570663885e-18,
        0.010345674439968729,
        0.016551805872477416,
        1.6747957671076036e-18,
        0.005213272093598223,
        1.0748293632353111e-17,
        4.330305380838018e-18,
        0.01071067833831466,
        -6.667760732614601e-20,
        0.015580984581840073,
        0.018596253895451855,
        4.6502188495105875e-18,
        -2.8218058568436586e-20,
        0.0012362266598033038,
        0.0023085951274941976,
        -9.949069688222195e-19,
        0.0018166717119600414,
        1.881303219389149e-18,
        -3.563233569732518e-18,
        0.0022384931108812
      ],
      [
        0.007234066202938214,
        1.8555675147949765e-18,
        -1.0369732914008749e-17,
        0.00953683564231526,
        -1.6470828803834553e-17,
        0.005793286670954643,
        0.007653145618307013,
        -6.340936977996972e-18,
        7.295819499132351e-18,
        0.005906140663409729,
        0.003231127760069773,
        4.014905660966665e-18,
        0.007670183035978902,
        -1.859444098863064e-18,
        1.6747957671076036e-18,
        0.01866986927642458,
        1.0486010651323805e-17,
        -0.001124793942460384,
        0.005712808355042212,
        6.740308860938797e-19,
        0.014322771852876587,
        -2.292401934318792e-18,
        -7.975017281216967e-19,
        0.011351450289372834,
        0.0013406197828585678,
        3.8175946368316765e-18,
        -2.7838863568798955e-19,
        0.00029649486045098164,
        -8.631166492212654e-18,
        -0.0024521725844631015,
        -0.0010736597059384742,
        -3.204821019965859e-18
      ],
      [
        2.187580820101323e-18,
        -0.01056163363747999,
        0.0005964365265004922,
        6.769307263584887e-18,
        0.010110909908132428,
        1.4766404646868195e-17,
        2.236153989780859e-19,
        0.0016991951970858424,
        0.024927404091119054,
        -1.777547691556861e-18,
        7.00075237849273e-18,
        0.013218501796289757,
        6.939064694411234e-18,
        0.01018622402474077,
        0.005213272093598223,
        1.0486010651323805e-17,
        0.0478880951747686,
        9.11952876156577e-18,
        3.449119674800362e-18,
        0.025518929482886452,
        1.9879538192683596e-17,
        0.022236152328757565,
        0.014626566298472202,
        1.0592263379097241e-17,
        3.5410888004083814e-18,
        0.003094644574961299,
        0.0034196451068844286,
        -8.826321446717002e-18,
        0.006264157496647748,
        -2.6871304607432756e-18,
        -6.4426404163937165e-18,
        0.0011709330091435126
      ],
      [
        -0.013195627917656088,
        -1.2539119886541801e-18,
        -4.8554403438835354e-18,
        -0.016239209296912305,
        2.0544381391332425e-17,
        -0.008171365907417212,
        -0.0019358816677774837,
        1.3038772320835201e-17,
        4.5540620791751306e-18,
        0.009464370821191162,
        0.001535443110464736,
        6.2888848921841916e-18,
        -0.003670899172339248,
        7.957353247892896e-18,
        1.0748293632353111e-17,
        -0.001124793942460384,
        9.11952876156577e-18,
        0.02784692676135264,
        0.0018324602495271712,
        3.910321855892041e-18,
        -0.002558946625129091,
        9.676388607597295e-18,
        1.537584136914859e-17,
        0.0045715656122792695,
        -0.004509670535750108,
        1.7498796993873993e-18,
        2.29635681637383e-18,
        -0.005126335369240812,
        9.81350915493893e-18,
        -0.0012349382542338372,
        0.00015154920013579423,
        3.9043586158918595e-19
      ],
      [
        0.0008009112165522066,
        7.379487824546088e-18,
        6.556696188325789e-18,
        0.012661180755042656,
        8.024255268715587e-18,
        0.016946308950206598,
        0.011776209484060874,
        1.6838578572556917e-18,
        3.217909896807608e-18,
        0.005827310975813315,
        0.019513304979342713,
        2.4505740711692385e-18,
        0.018324533505282584,
        -8.470878531794577e-18,
        4.330305380838018e-18,
        0.005712808355042212,
        3.449119674800362e-18,
        0.0018324602495271712,
        0.03643108070973526,
        4.133905090328076e-18,
        0.03242231927458337,
        -1.7080711025281298e-18,
        -5.060846274830562e-19,
        0.005491427837840349,
        0.0020444512813955805,
        5.064475345081429e-18,
        1.3208386220082033e-17,
        0.0014747856317008597,
        1.1030390821516955e-18,
        0.00047266205403923,
        0.002680579742515304,
        -2.6093777177689498e-18
      ],
      [
        1.8143280530940153e-17,
        -0.003306377557453606,
        0.012260052874390399,
        1.7804430542480516e-17,
        0.015010394496383405,
        1.8456724476952876e-17,
        1.0638919527777982e-17,
        0.002288342704539039,
        0.01299922748547569,
        -4.460946188775552e-18,
        4.112523332164675e-18,
        0.015842785412043703,
        -5.2728637519580416e-18,
        0.008527460678121832,
        0.01071067833831466,
        6.740308860938797e-19,
        0.025518929482886452,
        3.910321855892041e-18,
        4.133905090328076e-18,
        0.0366256926471246,
        4.115212713019554e-18,
        0.023518235513606288,
        0.0219812229943974,
        6.658365059806926e-18,
        1.1190937737842328e-17,
        0.0021391052290419712,
        0.008898848074337247,
        -7.770811300693218e-18,
        0.007363555425601743,
        2.5679968412357005e-18,
        1.2026468079631061e-18,
        0.00323148648655411
      ],
      [
        0.02308888275017463,
        8.900341487819699e-18,
        6.051545530557349e-19,
        0.023401464259692875,
        -9.942333501103362e-18,
        0.029706826265597022,
        0.021025729179283723,
        -7.293100227597532e-18,
        1.1838564284814317e-17,
        0.0036658242787633005,
        0.01926423523564239,
        -2.8172067497896416e-18,
        0.037822131312608746,
        -1.7422584558168746e-17,
        -6.667760732614601e-20,
        0.014322771852876587,
        1.9879538192683596e-17,
        -0.002558946625129091,
        0.03242231927458337,
        4.115212713019554e-18,
        0.06582809327960183,
        -5.43759854192164e-18,
        -8.959021413941692e-18,
        0.017518638612087765,
        0.008426043353005213,
        7.585466827762394e-18,
        1.1569577980984468e-17,
        0.0044689454894226745,
        -8.099916434674978e-18,
        -0.0012579933071494675,
        0.002765474390244954,
        -7.57158850748457e-18
      ],
      [
        5.171681615883933e-18,
        -0.003560855704966002,
        0.012512423061421996,
        1.5307251514859258e-17,
        0.024513257647478894,
        1.2380573320189771e-17,
        -1.2961624192001303e-18,
        0.003764987130652368,
        0.012140260230646894,
        2.605891829667859e-19,
        -4.844473745106991e-18,
        0.009399979961448925,
        -9.766390340158342e-18,
        0.01769157293811489,
        0.015580984581840073,
        -2.292401934318792e-18,
        0.022236152328757565,
        9.676388607597295e-18,
        -1.7080711025281298e-18,
        0.023518235513606288,
        -5.43759854192164e-18,
        0.041939222289748015,
        0.02996346059544371,
        5.173323574629505e-18,
        5.4382582668235995e-18,
        0.0030081301720556886,
        0.007021622132138468,
        -6.247916813281568e-18,
        0.010796641346877113,
        -3.2113056462841114e-18,
        -2.6977543868316915e-18,
        0.004571055949334674
      ],
      [
        -1.4753030863396757e-17,
        0.0008023680372617968,
        0.008463097340018159,
        -2.581968165740489e-18,
        0.010590475937400683,
        -1.4783223572054796e-17,
        -1.0877680049748461e-17,
        0.0010655824363086652,
        0.005332048115565141,
        3.760332712018384e-18,
        -4.820804476034792e-18,
        0.009342964040772459,
        -1.5142432820924003e-17,
        0.014415966031446023,
        0.018596253895451855,
        -7.975017281216967e-19,
        0.014626566298472202,
        1.537584136914859e-17,
        -5.060846274830562e-19,
        0.0219812229943974,
        -8.959021413941692e-18,
        0.02996346059544371,
        0.03813995845523644,
        2.5053065705067988e-18,
        1.268153842844429e-18,
        0.0024726848133454177,
        0.0062661219433243496,
        -8.429740990346585e-18,
        0.00667001267974605,
        3.418108866491891e-19,
        -7.21366301748099e-18,
        0.00530653605047839
      ],
      [
        0.004566654566415173,
        -5.0468365060950304e-18,
        -4.579169493963077e-19,
        0.008797559711401271,
        4.5488802036061724e-18,
        0.003071343502256718,
        0.0033337845917192147,
        1.7168463852261968e-18,
        1.1635392300788545e-17,
        -0.0017128042183843565,
        0.004481485553255149,
        9.047937668207582e-18,
        0.011419222433810286,
        -3.041911554257071e-18,
        4.6502188495105875e-18,
        0.011351450289372834,
        1.0592263379097241e-17,
        0.0045715656122792695,
        0.005491427837840349,
        6.658365059806926e-18,
        0.017518638612087765,
        5.173323574629505e-18,
        2.5053065705067988e-18,
        0.0296353480260948,
        -0.00044912416030562486,
        1.9920966104755278e-19,
        2.015117252375084e-18,
        0.0012739248009039643,
        -1.7147837056970344e-18,
        -0.0036250156097318085,
        -0.0023543265805304444,
        -1.229571908781516e-19
      ],
      [
        0.01802253939244586,
        8.632539368881321e-19,
        -9.59407186718201e-19,
        0.011691313467594056,
        -1.9199753441004147e-18,
        0.011574520535384622,
        0.011670707070854762,
        8.246683196834257e-18,
        6.181672263770809e-19,
        -0.0006736884796388989,
        0.004165116868346105,
        6.69064612166657e-19,
        0.004738550141303043,
        -4.5312591032222244e-18,
        -2.8218058568436586e-20,
        0.0013406197828585678,
        3.5410888004083814e-18,
        -0.004509670535750108,
        0.0020444512813955805,
        1.1190937737842328e-17,
        0.008426043353005213,
        5.4382582668235995e-18,
        1.268153842844429e-18,
        -0.00044912416030562486,
        0.015707377512517096,
        1.6122297113767046e-18,
        7.069943680869977e-18,
        0.0027524109465442946,
        3.407476899619131e-18,
        0.0020887022060762594,
        0.009620524983500049,
        1.9165040468385247e-18
      ],
      [
        5.032085329165712e-19,
        0.0032493617624843605,
        0.004922097175554473,
        2.723218271075339e-18,
        0.0033139797617564738,
        4.3667730855441195e-18,
        6.068535912523443e-18,
        -0.001943640608554056,
        0.0028061273739565296,
        2.3308209800829875e-18,
        5.634389563284215e-18,
        0.0017338756406880345,
        7.802332604263177e-18,
        0.0021898327039859542,
        0.0012362266598033038,
        3.8175946368316765e-18,
        0.003094644574961299,
        1.7498796993873993e-18,
        5.064475345081429e-18,
        0.0021391052290419712,
        7.585466827762394e-18,
        0.0030081301720556886,
        0.0024726848133454177,
        1.9920966104755278e-19,
        1.6122297113767046e-18,
        0.005896768607929997,
        0.0029347634284820905,
        1.924279298948135e-18,
        0.0011596663219705626,
        1.923935982256307e-18,
        -5.0226164387364745e-18,
        0.0013567499243018362
      ],
      [
        3.3194941618906584e-18,
        0.0030723438228151645,
        0.01125624459505974,
        1.3615251856624759e-17,
        0.007575194603395025,
        1.5409222897474983e-17,
        1.0999233586374626e-17,
        0.002544500467160672,
        0.0023507094020644697,
        2.9232571570418768e-18,
        1.110498953281213e-17,
        0.0023776113234005554,
        5.970453080595554e-18,
        0.00130797673788085,
        0.0023085951274941976,
        -2.7838863568798955e-19,
        0.0034196451068844286,
        2.29635681637383e-18,
        1.3208386220082033e-17,
        0.008898848074337247,
        1.1569577980984468e-17,
        0.007021622132138468,
        0.0062661219433243496,
        2.015117252375084e-18,
        7.069943680869977e-18,
        0.0029347634284820905,
        0.009945291109770828,
        -3.064456938837873e-18,
        0.006765523156629658,
        2.09788816131299e-18,
        -1.948190099409913e-18,
        0.0020072542182894295
      ],
      [
        0.010608481949714366,
        1.844323907155535e-18,
        -1.4483900069905865e-17,
        0.012216403841273885,
        -2.7102187698359318e-17,
        0.009692569501807783,
        0.008217572266690185,
        -5.3102837881284024e-18,
        -1.1695584669695911e-17,
        0.0004253022389733329,
        0.001879132097024089,
        -3.344538436622343e-18,
        0.004304617324104993,
        -7.800018011050717e-18,
        -9.949069688222195e-19,
        0.00029649486045098164,
        -8.826321446717002e-18,
        -0.005126335369240812,
        0.0014747856317008597,
        -7.770811300693218e-18,
        0.0044689454894226745,
        -6.247916813281568e-18,
        -8.429740990346585e-18,
        0.0012739248009039643,
        0.0027524109465442946,
        1.924279298948135e-18,
        -3.064456938837873e-18,
        0.013897990777447003,
        -6.312975958742814e-18,
        0.005692074995272059,
        0.0014272134116788346,
        -1.2855029590736928e-18
      ],
      [
        -1.5861785290582864e-17,
        -0.0016402431042130015,
        0.006438818402260378,
        -4.360092608765563e-18,
        0.016101369005313563,
        -6.853958078628197e-18,
        -2.3803652070093167e-18,
        0.0052669464523615594,
        0.002843610354384268,
        8.822436186313615e-19,
        7.283910079550311e-19,
        0.0023792195482869863,
        -1.0195050477501401e-17,
        0.001989736755478802,
        0.0018166717119600414,
        -8.631166492212654e-18,
        0.006264157496647748,
        9.81350915493893e-18,
        1.1030390821516955e-18,
        0.007363555425601743,
        -8.099916434674978e-18,
        0.010796641346877113,
        0.00667001267974605,
        -1.7147837056970344e-18,
        3.407476899619131e-18,
        0.0011596663219705626,
        0.006765523156629658,
        -6.312975958742814e-18,
        0.011343326642694905,
        -1.5965536032697066e-18,
        -1.4884934227420322e-18,
        0.004000194437081206
      ],
      [
        0.006204522168499632,
        -4.9062020285343854e-18,
        -1.5122651350008796e-17,
        0.006429531132324095,
        -1.4686122010019802e-17,
        0.01054910528057693,
        0.005811243492299522,
        2.510869446414532e-18,
        -7.464680523519148e-18,
        -0.00017699721887735626,
        0.0011419927133597023,
        2.4034742489460424e-19,
        0.0006901166092554791,
        -3.58072294913208e-18,
        1.881303219389149e-18,
        -0.0024521725844631015,
        -2.6871304607432756e-18,
        -0.0012349382542338372,
        0.00047266205403923,
        2.5679968412357005e-18,
        -0.0012579933071494675,
        -3.2113056462841114e-18,
        3.418108866491891e-19,
        -0.0036250156097318085,
        0.0020887022060762594,
        1.923935982256307e-18,
        2.09788816131299e-18,
        0.005692074995272059,
        -1.5965536032697066e-18,
        0.01615827527299303,
        -0.002623627055781241,
        1.3160877609954238e-18
      ],
      [
        0.009208192350841967,
        -3.526111410767383e-18,
        -1.0371103414822996e-17,
        0.006408849388320545,
        -1.6208075467618324e-17,
        0.008385503188924202,
        0.011758482624654027,
        1.570717339892857e-18,
        -3.874943376868469e-18,
        0.0016038012962516352,
        0.0019716910805056115,
        -3.823999877722272e-18,
        0.00012702632894916367,
        -4.526825736308617e-18,
        -3.563233569732518e-18,
        -0.0010736597059384742,
        -6.4426404163937165e-18,
        0.00015154920013579423,
        0.002680579742515304,
        1.2026468079631061e-18,
        0.002765474390244954,
        -2.6977543868316915e-18,
        -7.21366301748099e-18,
        -0.0023543265805304444,
        0.009620524983500049,
        -5.0226164387364745e-18,
        -1.948190099409913e-18,
        0.0014272134116788346,
        -1.4884934227420322e-18,
        -0.002623627055781241,
        0.013848260419040234,
        -1.6163875484183417e-18
      ],
      [
        -1.4351683202990433e-18,
        -0.0019262631039165764,
        0.0030976916318461315,
        5.9189647107767624e-18,
        0.00647878517319052,
        3.1601331853458467e-18,
        -4.086147096391136e-18,
        0.004177133625636658,
        0.00035348240859000733,
        -1.381551767100364e-18,
        -3.480041698124827e-18,
        0.0013119020625629704,
        -5.908890868331677e-18,
        0.001594756703906307,
        0.0022384931108812,
        -3.204821019965859e-18,
        0.0011709330091435126,
        3.9043586158918595e-19,
        -2.6093777177689498e-18,
        0.00323148648655411,
        -7.57158850748457e-18,
        0.004571055949334674,
        0.00530653605047839,
        -1.229571908781516e-19,
        1.9165040468385247e-18,
        0.0013567499243018362,
        0.0020072542182894295,
        -1.2855029590736928e-18,
        0.004000194437081206,
        1.3160877609954238e-18,
        -1.6163875484183417e-18,
        0.004723659045968551
      ]
    ],
    "noiseless_rho": [
      [
        0.0685324036619336,
        8.19393221121129e-18,
        5.307228502735743e-18,
        0.03788026618871768,
        -3.4206400596025515e-17,
        0.03998664748623451,
        0.04199937258938603,
        -1.1514368980620849e-18,
        4.73449674774291e-18,
        0.00026954718260859315,
        0.004611292453230388,
        2.145142003066995e-18,
        0.018533102280295585,
        -1.2083492003708688e-17,
        4.976628975062279e-19,
        0.007234066202938214,
        2.187580820101323e-18,
        -0.013195627917656088,
        0.0008009112165522066,
        1.8143280530940153e-17,
        0.02308888275017463,
        5.171681615883933e-18,
        -1.4753030863396757e-17,
        0.004566654566415173,
        0.01802253939244586,
        5.032085329165712e-19,
        3.3194941618906584e-18,
        0.010608481949714366,
        -1.5861785290582864e-17,
        0.006204522168499632,
        0.009208192350841967,
        -1.4351683202990433e-18
      ],
      [
        8.19393221121129e-18,
        0.027654282032756425,
        0.01831977194108494,
        2.830003951575605e-17,
        -0.00356815728221642,
        6.466701762577983e-18,
        3.0046118500600446e-18,
        -0.008695578531604938,
        -0.010069413831336449,
        6.831265968222013e-18,
        1.3351382394636044e-17,
        -0.004267666791852757,
        7.074238112460495e-18,
        -0.0005040973391925465,
        0.0030560150249708587,
        1.8555675147949765e-18,
        -0.01056163363747999,
        -1.2539119886541801e-18,
        7.379487824546088e-18,
        -0.003306377557453606,
        8.900341487819699e-18,
        -0.003560855704966002,
        0.0008023680372617968,
        -5.0468365060950304e-18,
        8.632539368881321e-19,
        0.0032493617624843605,
        0.0030723438228151645,
        1.844323907155535e-18,
        -0.0016402431042130015,
        -4.9062020285343854e-18,
        -3.526111410767383e-18,
        -0.0019262631039165764
      ],
      [
        5.307228502735743e-18,
        0.01831977194108494,
        0.04730338879491015,
        7.663628145235238e-18,
        0.024980398660743725,
        -9.980447921494545e-18,
        -2.7021622838738518e-17,
        0.0061069992918922275,
        -0.00042550524875832173,
        8.9972049851906e-19,
        6.253160588066246e-18,
        0.002040775698079457,
        -6.936790393436172e-18,
        0.004996753931809695,
        0.005101931504660422,
        -1.0369732914008749e-17,
        0.0005964365265004922,
        -4.8554403438835354e-18,
        6.556696188325789e-18,
        0.012260052874390399,
        6.051545530557349e-19,
        0.012512423061421996,
        0.008463097340018159,
        -4.579169493963077e-19,
        -9.59407186718201e-19,
        0.004922097175554473,
        0.01125624459505974,
        -1.4483900069905865e-17,
        0.006438818402260378,
        -1.5122651350008796e-17,
        -1.0371103414822996e-17,
        0.0030976916318461315
      ],
      [
        0.03788026618871768,
        2.830003951575605e-17,
        7.663628145235238e-18,
        0.06131330023922143,
        -3.422629379914835e-17,
        0.043384532714868335,
        0.03196206536761497,
        -1.3422796412456263e-17,
        -4.503342362998412e-18,
        -0.0032718134082075686,
        0.013161952254832392,
        6.248303032237447e-18,
        0.018199369879001927,
        -1.0536654148240994e-17,
        2.5399032274139723e-18,
        0.00953683564231526,
        6.769307263584887e-18,
        -0.016239209296912305,
        0.012661180755042656,
        1.7804430542480516e-17,
        0.023401464259692875,
        1.5307251514859258e-17,
        -2.581968165740489e-18,
        0.008797559711401271,
        0.011691313467594056,
        2.723218271075339e-18,
        1.3615251856624759e-17,
        0.012216403841273885,
        -4.360092608765563e-18,
        0.006429531132324095,
        0.006408849388320545,
        5.9189647107767624e-18
      ],
      [
        -3.4206400596025515e-17,
        -0.00356815728221642,
        0.024980398660743725,
        -3.422629379914835e-17,
        0.06778628899516588,
        -3.5087998487828016e-17,
        -4.6497199711663194e-17,
        0.024315566193150773,
        0.00976510922689938,
        2.1335434929687088e-19,
        -3.404639894038653e-18,
        0.008941023147796533,
        -2.3562786272512434e-17,
        0.0049831105032490785,
        0.0033113355425584967,
        -1.6470828803834553e-17,
        0.010110909908132428,
        2.0544381391332425e-17,
        8.024255268715587e-18,
        0.015010394496383405,
        -9.942333501103362e-18,
        0.024513257647478894,
        0.010590475937400683,
        4.5488802036061724e-18,
        -1.9199753441004147e-18,
        0.0033139797617564738,
        0.007575194603395025,
        -2.7102187698359318e-17,
        0.016101369005313563,
        -1.4686122010019802e-17,
        -1.6208075467618324e-17,
        0.00647878517319052
      ],
      [
        0.03998664748623451,
        6.466701762577983e-18,
        -9.980447921494545e-18,
        0.043384532714868335,
        -3.5087998487828016e-17,
        0.07033991156289493,
        0.02900829793574833,
        -7.299349705500524e-18,
        3.08420484519433e-18,
        0.0027529110447371812,
        0.014956000941183668,
        2.0964534527297905e-18,
        0.0246219071800737,
        -1.488164006346538e-17,
        8.147046647555306e-19,
        0.005793286670954643,
        1.4766404646868195e-17,
        -0.008171365907417212,
        0.016946308950206598,
        1.8456724476952876e-17,
        0.029706826265597022,
        1.2380573320189771e-17,
        -1.4783223572054796e-17,
        0.003071343502256718,
        0.011574520535384622,
        4.3667730855441195e-18,
        1.5409222897474983e-17,
