{
  "n": 5,
  "J": 1.0,
  "h": 0.5,
  "beta": 1.0,
  "calculated_result": {
    "n": 5,
    "J": 1.0,
    "h": 0.5,
    "beta": 1.0,
    "params": [
      -3.344823332906089,
      -8.31440255609179,
      -8.290167530510155,
      11.519169090607564,
      -10.82897984238121,
      8.783269516393448,
      5.134270899082347,
      -0.7457429221854591,
      7.340387492481751,
      -7.40562321424067,
      2.5375600865913435,
      1.088283246418431,
      8.455698793705869,
      7.486584457557898,
      8.598986866392915,
      -6.132236260399402,
      -0.19585640553048855,
      5.264046326640363,
      6.587929022391501,
      4.139998805133395,
      3.2864970866877123,
      -0.034354778095987804,
      2.8324952923051856,
      1.371325481851719,
      5.331789675539294,
      2.919258837640435,
      4.855592226025514,
      0.9901836105655455,
      -7.845641390291881,
      11.60814856094469,
      3.8282699406347107,
      2.225746329440438,
      4.714471643276486,
      -9.346827871635602,
      6.3030353923037765,
      1.622731167140849,
      1.0502299024474082,
      -0.13467997742196858,
      -1.5448190249660603,
      -0.2607773510676874,
      5.0646385168364,
      7.844989626205173,
      6.843908483999174,
      14.238929784712616,
      3.622408318580266,
      5.041076796881434,
      0.12585529625310932,
      10.072077902288099,
      5.792282082762787,
      -3.00660119368944,
      4.539390287640638,
      -3.6548284198327416,
      -4.063612815616953,
      16.53068339673573,
      14.382484718688827,
      5.707053708182869,
      -6.971970648232201
    ],
    "cost": -5.995891819160682,
    "energy": -4.773957487507595,
    "entropy": 1.2219343316530866,
    "rho": [
      [
        0.060677637078854145,
        -1.7210326839982988e-17,
        -2.6633853394324657e-17,
        0.03547845684505121,
        -1.4102998601845238e-17,
        0.03892863829688768,
        0.03759939654977992,
        -1.9299327547927674e-17,
        -5.289679110197416e-19,
        0.050027602872458894,
        0.03843165611567907,
        6.462032689751587e-18,
        0.03769734422804399,
        3.371617029661534e-17,
        1.9684731282279173e-17,
        0.02842035462185023,
        1.5892867989712203e-17,
        0.04777899851392418,
        0.037199462778869666,
        -1.4107309903083856e-17,
        0.035049963549759804,
        2.1609746412790936e-17,
        1.247163151787003e-18,
        0.02669231622127658,
        0.03569316183051534,
        -2.0294638610073617e-17,
        -1.6521445935030865e-17,
        0.02063782742198237,
        -1.2074164032538995e-17,
        0.023916041686790818,
        0.022823312555825558,
        -7.11172334060065e-18
      ],
      [
        -1.7210326839982988e-17,
        0.08239028854251006,
        0.05915991484075922,
        -1.4605118470553536e-17,
        0.05095395170840962,
        -4.310275906083418e-17,
        -1.1955740760206487e-17,
        0.04304091144564341,
        0.06155931760365319,
        2.1825063184088748e-17,
        -7.542881028690742e-18,
        0.03799633437408582,
        3.372957488667824e-17,
        0.04767959740664463,
        0.042537505888161166,
        1.2578270030460734e-17,
        0.058962317394540546,
        2.7126039415027808e-17,
        -4.6459685036148254e-18,
        0.036759870374358156,
        2.615112959394081e-17,
        0.04384949913655499,
        0.03972774813104243,
        7.252519847097485e-18,
        -2.6121361378223634e-17,
        0.04837901040659418,
        0.03475786283219448,
        -1.1954038047800405e-17,
        0.03136301913165083,
        -2.6103598647304307e-17,
        -2.3752561317243772e-17,
        0.025940130516834293
      ],
      [
        -2.6633853394324657e-17,
        0.05915991484075922,
        0.05152920803045212,
        -1.8660414612537393e-17,
        0.04219169804482755,
        -4.321618320938627e-17,
        -1.5244934518574587e-17,
        0.028266587323502644,
        0.047488139231848796,
        7.549676574925687e-18,
        -1.5951640017850036e-17,
        0.02869633011401104,
        1.5388661480095186e-17,
        0.0364950303097477,
        0.03346012020821074,
        8.085148659743097e-18,
        0.04525448233098739,
        1.0686194075664832e-17,
        -1.1410747420029752e-17,
        0.02846511635695571,
        1.4910972775898785e-17,
        0.03361193338687107,
        0.03057557453300363,
        1.0693093150627872e-18,
        -2.4301360974540804e-17,
        0.03520393511912754,
        0.0295146615445492,
        -1.2017659299605383e-17,
        0.025804370236261958,
        -2.7553876243461675e-17,
        -2.4035368004577767e-17,
        0.01782038297969908
      ],
      [
        0.03547845684505121,
        -1.4605118470553536e-17,
        -1.8660414612537393e-17,
        0.025940005538630163,
        -7.28080876369126e-18,
        0.026010022721588255,
        0.02116192410604697,
        -7.967830205044032e-18,
        3.0207242370482723e-18,
        0.03153073455845306,
        0.023296450377063953,
        4.7566767992346615e-18,
        0.023078163081931665,
        1.7900268679583708e-17,
        1.44692735411954e-17,
        0.018485189488724324,
        8.262795128749341e-18,
        0.030137512531530134,
        0.022791563758075138,
        -7.234316714678735e-18,
        0.021571931431919177,
        1.390922754240867e-17,
        4.16746497066049e-18,
        0.016740492358428047,
        0.021083657149277533,
        -1.0750348909546723e-17,
        -1.1649064900194473e-17,
        0.014741727600854826,
        -9.320713907502271e-18,
        0.016041251865410364,
        0.013028905978818856,
        -2.4393952232149243e-18
      ],
      [
        -1.4102998601845238e-17,
        0.05095395170840962,
        0.04219169804482755,
        -7.28080876369126e-18,
        0.040017090493198015,
        -2.4500474478797238e-17,
        -8.208356840316714e-18,
        0.027738691021668385,
        0.04390845284897316,
        1.7644831150253118e-17,
        -3.0145295057038664e-19,
        0.02656071441321404,
        2.1461642235119615e-17,
        0.029545553303663742,
        0.027396986479377126,
        5.929272304432784e-18,
        0.041600954657070345,
        2.4265466516047843e-17,
        2.464546424245403e-18,
        0.02601953298475548,
        1.475121807462073e-17,
        0.02749959465080224,
        0.025232769012158925,
        4.2156705344411315e-19,
        -1.9049215200321732e-17,
        0.030319798768468454,
        0.024251332561429303,
        -7.459517032401706e-18,
        0.02403365172979469,
        -1.2988614882006146e-17,
        -1.5260068716858835e-17,
        0.017150772944415842
      ],
      [
        0.03892863829688768,
        -4.310275906083418e-17,
        -4.321618320938627e-17,
        0.026010022721588255,
        -2.4500474478797238e-17,
        0.03379156809212885,
        0.028404852117844027,
        -2.844877334839578e-17,
        -2.204609278863328e-17,
        0.03896419436545775,
        0.029228493308548265,
        -9.105914555852688e-18,
        0.023269930489181443,
        5.844444499420476e-18,
        4.89861998136536e-19,
        0.01875628418196085,
        -1.3073600652133966e-17,
        0.03718193351720614,
        0.028489559559184294,
        -2.3494777390745125e-17,
        0.021407497912338685,
        -1.0346266545089168e-18,
        -1.026680619576465e-17,
        0.017388935539431154,
        0.022858256141318024,
        -3.0184888064062245e-17,
        -2.7007416146843772e-17,
        0.014820690525139178,
        -1.8480345219225777e-17,
        0.020483399749016657,
        0.017423242891952743,
        -1.4707996072034326e-17
      ],
      [
        0.03759939654977992,
        -1.1955740760206487e-17,
        -1.5244934518574587e-17,
        0.02116192410604697,
        -8.208356840316714e-18,
        0.028404852117844027,
        0.027693199859656244,
        -1.7502415213515842e-17,
        -2.5300245365412894e-18,
        0.03482366422925888,
        0.027076067120737155,
        4.187507419482433e-18,
        0.021869076115290084,
        2.5979243700117875e-17,
        1.1812781714709961e-17,
        0.017489555502821157,
        1.0720990979125734e-17,
        0.03323401498570922,
        0.025790436203008,
        -9.355083103763245e-18,
        0.020438148232899644,
        1.5237691591683436e-17,
        -1.3166928877683587e-18,
        0.01627359166414945,
        0.022409287369352417,
        -1.5566647762322048e-17,
        -1.0460300703121864e-17,
        0.012220486790700733,
        -5.712754028665933e-18,
        0.017370174089910043,
        0.016569182772519425,
        -6.423378189972634e-18
      ],
      [
        -1.9299327547927674e-17,
        0.04304091144564341,
        0.028266587323502644,
        -7.967830205044032e-18,
        0.027738691021668385,
        -2.844877334839578e-17,
        -1.7502415213515842e-17,
        0.026333936751672095,
        0.033877266146731415,
        6.2792060484238775e-18,
        -7.951090503991008e-18,
        0.021166438177910876,
        1.452456365948606e-17,
        0.023110700118582184,
        0.021690730098766136,
        1.4418226267266529e-18,
        0.031811196002606124,
        8.535858094738374e-18,
        -7.034944046065783e-18,
        0.02006310854140807,
        8.140927076518972e-18,
        0.021420139606154985,
        0.02055294095772779,
        7.65909878775952e-19,
        -2.0511807358111885e-17,
        0.025613871370205266,
        0.01696215140644007,
        -8.465265213851105e-18,
        0.01681731789208454,
        -1.6501440074614498e-17,
        -1.6935501780856495e-17,
        0.015520881938407949
      ],
      [
        -5.289679110197416e-19,
        0.06155931760365319,
        0.047488139231848796,
        3.0207242370482723e-18,
        0.04390845284897316,
        -2.204609278863328e-17,
        -2.5300245365412894e-18,
        0.033877266146731415,
        0.05821926574483569,
        3.579972147285928e-17,
        7.374291921156095e-18,
        0.03296319445435578,
        3.902151137384253e-17,
        0.03878672083047558,
        0.037802172651026034,
        1.6178887954832693e-17,
        0.05488110323251456,
        3.9144415323155643e-17,
        1.0107508293009469e-17,
        0.0321460500073303,
        3.0112359771157865e-17,
        0.03625947794404942,
        0.03525869187419833,
        9.582992978387705e-18,
        -1.4556002355273983e-17,
        0.03773660626623058,
        0.02847098640807269,
        -3.0442707249161962e-18,
        0.027349388011167253,
        -1.336370514269763e-17,
        -1.5276329100972522e-17,
        0.021114548735255572
      ],
      [
        0.050027602872458894,
        2.1825063184088748e-17,
        7.549676574925687e-18,
        0.03153073455845306,
        1.7644831150253118e-17,
        0.03896419436545775,
        0.03482366422925888,
        6.2792060484238775e-18,
        3.579972147285928e-17,
        0.051417133247811296,
        0.037413048181374295,
        2.856195835556764e-17,
        0.03211991932392938,
        5.775547902257536e-17,
        4.361692444843227e-17,
        0.02665800481767788,
        4.5985235798749774e-17,
        0.04860977409244317,
        0.036159526420048105,
        8.893059242882807e-18,
        0.029777307241469608,
        4.619816862537706e-17,
        2.520158707512515e-17,
        0.024923110544425586,
        0.030498603978550073,
        6.569946628336217e-18,
        3.0581262119490425e-18,
        0.01881439211116593,
        7.845254180428792e-18,
        0.024446927061769944,
        0.022011351464441727,
        8.109372062701453e-18
      ],
      [
        0.03843165611567907,
        -7.542881028690742e-18,
        -1.5951640017850036e-17,
        0.023296450377063953,
        -3.0145295057038664e-19,
        0.029228493308548265,
        0.027076067120737155,
        -7.951090503991008e-18,
        7.374291921156095e-18,
        0.037413048181374295,
        0.030984910805166545,
        1.0326776369800864e-17,
        0.02560962804641185,
        2.6529154875048048e-17,
        1.9061585254877692e-17,
        0.01849546607567735,
        1.6198595348696917e-17,
        0.035734114019343836,
        0.029480184178533406,
        -5.506455174728046e-18,
        0.023652852582352116,
        1.801836021348682e-17,
        7.386787845808645e-18,
        0.016970785691930765,
        0.02341358047111286,
        -9.252467637149849e-18,
        -1.1342839127448122e-17,
        0.013828636958958244,
        -4.399327726893487e-18,
        0.01865069600125886,
        0.016826856986765726,
        -1.505170439701316e-18
      ],
      [
        6.462032689751587e-18,
        0.03799633437408582,
        0.02869633011401104,
        4.7566767992346615e-18,
        0.02656071441321404,
        -9.105914555852688e-18,
        4.187507419482433e-18,
        0.021166438177910876,
        0.03296319445435578,
        2.856195835556764e-17,
        1.0326776369800864e-17,
        0.02490358353882869,
        2.9181152425063856e-17,
        0.025984944213962805,
        0.020723079640756883,
        1.3591133143301347e-17,
        0.03156050197749682,
        2.9946199357664904e-17,
        1.0954644665629836e-17,
        0.0234414602574389,
        2.1880848973905798e-17,
        0.02384812031607154,
        0.019337728683307936,
        8.996632831658135e-18,
        -5.10121605308327e-18,
        0.02312046911239563,
        0.017229198235475328,
        -3.02147619586195e-19,
        0.01671024515210368,
        -4.49411180179466e-18,
        -5.917748117500786e-18,
        0.013459899045758898
      ],
      [
        0.03769734422804399,
        3.372957488667824e-17,
        1.5388661480095186e-17,
        0.023078163081931665,
        2.1461642235119615e-17,
        0.023269930489181443,
        0.021869076115290084,
        1.452456365948606e-17,
        3.902151137384253e-17,
        0.03211991932392938,
        0.02560962804641185,
        2.9181152425063856e-17,
        0.026508941352403722,
        4.848658128518698e-17,
        3.7525779789443415e-17,
        0.01879686849905463,
        4.775237419166908e-17,
        0.030645030267547512,
        0.024936293642870817,
        1.4726186051340493e-17,
        0.024387419296391186,
        3.8631869071988093e-17,
        2.475677707648196e-17,
        0.017525626683409495,
        0.022846063580876097,
        1.4179548339194796e-17,
        8.045353976031618e-18,
        0.013787663906937512,
        1.1100078085840553e-17,
        0.01478449077910226,
        0.014010757068582775,
        1.157844718855648e-17
      ],
      [
        3.371617029661534e-17,
        0.04767959740664463,
        0.0364950303097477,
        1.7900268679583708e-17,
        0.029545553303663742,
        5.844444499420476e-18,
        2.5979243700117875e-17,
        0.023110700118582184,
        0.03878672083047558,
        5.775547902257536e-17,
        2.6529154875048048e-17,
        0.025984944213962805,
        4.848658128518698e-17,
        0.03328092873882718,
        0.027575339648085898,
        3.250851646432782e-17,
        0.037490912459260145,
        5.716483071910423e-17,
        2.7744293072140458e-17,
        0.025291957806376244,
        4.469842616516517e-17,
        0.03032941421396314,
        0.025702221761550677,
        2.6532519533393433e-17,
        1.2396821437943129e-17,
        0.02874944449754315,
        0.021669779771543714,
        8.916411332481642e-18,
        0.019038608247183862,
        2.8222602607079403e-18,
        4.009223943642309e-18,
        0.014734765669499139
      ],
      [
        1.9684731282279173e-17,
        0.042537505888161166,
        0.03346012020821074,
        1.44692735411954e-17,
        0.027396986479377126,
        4.89861998136536e-19,
        1.1812781714709961e-17,
        0.021690730098766136,
        0.037802172651026034,
        4.361692444843227e-17,
        1.9061585254877692e-17,
        0.020723079640756883,
        3.7525779789443415e-17,
        0.027575339648085898,
        0.027798749180428132,
        2.002203492881368e-17,
        0.03571074333962879,
        4.3958501985717135e-17,
        2.0927894449098434e-17,
        0.0202971360544508,
        3.141683524700243e-17,
        0.02572387449340686,
        0.025404935870882925,
        1.4446098487205293e-17,
        1.3822958281579156e-18,
        0.026058997044967114,
        0.02012675350775889,
        5.673671822898795e-18,
        0.017281802982586435,
        1.1522154670839712e-18,
        -2.8812877229993585e-18,
        0.013768897577397448
      ],
      [
        0.02842035462185023,
        1.2578270030460734e-17,
        8.085148659743097e-18,
        0.018485189488724324,
        5.929272304432784e-18,
        0.01875628418196085,
        0.017489555502821157,
        1.4418226267266529e-18,
        1.6178887954832693e-17,
        0.02665800481767788,
        0.01849546607567735,
        1.3591133143301347e-17,
        0.01879686849905463,
        3.250851646432782e-17,
        2.002203492881368e-17,
        0.016633734686543493,
        2.488099970358962e-17,
        0.025194733444705367,
        0.017681643878753824,
        4.793972104946632e-18,
        0.017776961056252812,
        2.5766470413215087e-17,
        8.353935693231681e-18,
        0.015033151683939679,
        0.01774069646934182,
        1.789944234747801e-18,
        4.7602101287970365e-18,
        0.010787350994624465,
        3.618400121711222e-18,
        0.01192832581347975,
        0.01086759083969698,
        4.124838579093453e-18
      ],
      [
        1.5892867989712203e-17,
        0.058962317394540546,
        0.04525448233098739,
        8.262795128749341e-18,
        0.041600954657070345,
        -1.3073600652133966e-17,
        1.0720990979125734e-17,
        0.031811196002606124,
        0.05488110323251456,
        4.5985235798749774e-17,
        1.6198595348696917e-17,
        0.03156050197749682,
        4.775237419166908e-17,
        0.037490912459260145,
        0.03571074333962879,
        2.488099970358962e-17,
        0.054393507836208624,
        4.86291438065151e-17,
        1.8257750674833707e-17,
        0.0311336008073201,
        4.174260114437795e-17,
        0.03532616717155803,
        0.03447689075992279,
        1.7291342140366166e-17,
        -2.438688936743534e-18,
        0.03547016821486106,
        0.02711924914379846,
        2.2745676575553913e-18,
        0.026407075512829985,
        -8.61642827144613e-18,
        -7.937780046389047e-18,
        0.019853695382550524
      ],
      [
        0.04777899851392418,
        2.7126039415027808e-17,
        1.0686194075664832e-17,
        0.030137512531530134,
        2.4265466516047843e-17,
        0.03718193351720614,
        0.03323401498570922,
        8.535858094738374e-18,
        3.9144415323155643e-17,
        0.04860977409244317,
        0.035734114019343836,
        2.9946199357664904e-17,
        0.030645030267547512,
        5.716483071910423e-17,
        4.3958501985717135e-17,
        0.025194733444705367,
        4.86291438065151e-17,
        0.04831410800761335,
        0.03550441529681774,
        1.009164685181518e-17,
        0.029294209144079972,
        4.384945909897984e-17,
        2.6851260958419863e-17,
        0.02427824970990527,
        0.02902268990902491,
        9.272911599614747e-18,
        4.139796033299624e-18,
        0.017944493114636795,
        1.2317562511994637e-17,
        0.02369974662921846,
        0.020660590036604122,
        8.03662161853524e-18
      ],
      [
        0.037199462778869666,
        -4.6459685036148254e-18,
        -1.1410747420029752e-17,
        0.022791563758075138,
        2.464546424245403e-18,
        0.028489559559184294,
        0.025790436203008,
        -7.034944046065783e-18,
        1.0107508293009469e-17,
        0.036159526420048105,
        0.029480184178533406,
        1.0954644665629836e-17,
        0.024936293642870817,
        2.7744293072140458e-17,
        2.0927894449098434e-17,
        0.017681643878753824,
        1.8257750674833707e-17,
        0.03550441529681774,
        0.02977810726141819,
        -5.051584618489847e-18,
        0.023769973006715402,
        1.8321479996813267e-17,
        9.574172143581512e-18,
        0.016963584801006376,
        0.022589297513466517,
        -7.424104649856757e-18,
        -8.676944970066634e-18,
        0.013374148754133135,
        -1.913333649641285e-18,
        0.017882852768530473,
        0.016639770045432163,
        -1.5461782410313577e-18
      ],
      [
        -1.4107309903083856e-17,
        0.036759870374358156,
        0.02846511635695571,
        -7.234316714678735e-18,
        0.02601953298475548,
        -2.3494777390745125e-17,
        -9.355083103763245e-18,
        0.02006310854140807,
        0.0321460500073303,
        8.893059242882807e-18,
        -5.506455174728046e-18,
        0.0234414602574389,
        1.4726186051340493e-17,
        0.025291957806376244,
        0.0202971360544508,
        4.793972104946632e-18,
        0.0311336008073201,
        1.009164685181518e-17,
        -5.051584618489847e-18,
        0.02438052495199647,
        1.0513110943462894e-17,
        0.024268611298466695,
        0.018807888865902532,
        3.9978372335434213e-19,
        -1.5813320222181545e-17,
        0.022466335079054284,
        0.016547633701673184,
        -7.583038360568642e-18,
        0.01638646684503031,
        -1.4576039526894177e-17,
        -1.4398569711376545e-17,
        0.013114662982489452
      ],
      [
        0.035049963549759804,
        2.615112959394081e-17,
        1.4910972775898785e-17,
        0.021571931431919177,
        1.475121807462073e-17,
        0.021407497912338685,
        0.020438148232899644,
        8.140927076518972e-18,
        3.0112359771157865e-17,
        0.029777307241469608,
        0.023652852582352116,
        2.1880848973905798e-17,
        0.024387419296391186,
        4.469842616516517e-17,
        3.141683524700243e-17,
        0.017776961056252812,
        4.174260114437795e-17,
        0.029294209144079972,
        0.023769973006715402,
        1.0513110943462894e-17,
        0.02385078422938804,
        3.4950728329694513e-17,
        1.8440814981598906e-17,
        0.016918721629942825,
        0.02155716001718645,
        8.080922539360386e-18,
        7.289838260420022e-18,
        0.012687274417568839,
        8.265660758738276e-18,
        0.013605396008285869,
        0.012866565431969805,
        8.898908760797345e-18
      ],
      [
        2.1609746412790936e-17,
        0.04384949913655499,
        0.03361193338687107,
        1.390922754240867e-17,
        0.02749959465080224,
        -1.0346266545089168e-18,
        1.5237691591683436e-17,
        0.021420139606154985,
        0.03625947794404942,
        4.619816862537706e-17,
        1.801836021348682e-17,
        0.02384812031607154,
        3.8631869071988093e-17,
        0.03032941421396314,
        0.02572387449340686,
        2.5766470413215087e-17,
        0.03532616717155803,
        4.384945909897984e-17,
        1.8321479996813267e-17,
        0.024268611298466695,
        3.4950728329694513e-17,
        0.029489514923571644,
        0.024471891686402795,
        2.0270125962270432e-17,
        6.031170409273773e-18,
        0.026787010376896354,
        0.019981329608777146,
        5.308184271274984e-18,
        0.017056867545373215,
        -1.9631097809228755e-18,
        -1.0467123421564627e-18,
        0.013644978681790265
      ],
      [
        1.247163151787003e-18,
        0.03972774813104243,
        0.03057557453300363,
        4.16746497066049e-18,
        0.025232769012158925,
        -1.026680619576465e-17,
        -1.3166928877683587e-18,
        0.02055294095772779,
        0.03525869187419833,
        2.520158707512515e-17,
        7.386787845808645e-18,
        0.019337728683307936,
        2.475677707648196e-17,
        0.025702221761550677,
        0.025404935870882925,
        8.353935693231681e-18,
        0.03447689075992279,
        2.6851260958419863e-17,
        9.574172143581512e-18,
        0.018807888865902532,
        1.8440814981598906e-17,
        0.024471891686402795,
        0.02499021649013383,
        3.7678972335145666e-18,
        -1.0720199123516307e-17,
        0.02436940264089341,
        0.018645172540233783,
        -6.21264318892748e-19,
        0.015803729933385528,
        -5.009797803653685e-18,
        -9.954078373111668e-18,
        0.012582411247976523
      ],
      [
        0.02669231622127658,
        7.252519847097485e-18,
        1.0693093150627872e-18,
        0.016740492358428047,
        4.2156705344411315e-19,
        0.017388935539431154,
        0.01627359166414945,
        7.65909878775952e-19,
        9.582992978387705e-18,
        0.024923110544425586,
        0.016970785691930765,
        8.996632831658135e-18,
        0.017525626683409495,
        2.6532519533393433e-17,
        1.4446098487205293e-17,
        0.015033151683939679,
        1.7291342140366166e-17,
        0.02427824970990527,
        0.016963584801006376,
        3.9978372335434213e-19,
        0.016918721629942825,
        2.0270125962270432e-17,
        3.7678972335145666e-18,
        0.014947918257642865,
        0.016343923734583234,
        -1.610869552517946e-18,
        -2.683125142046053e-19,
        0.010411434300972203,
        -3.2356053800673277e-19,
        0.01080918427103817,
        0.010260102503307684,
        3.087946609625494e-18
      ],
      [
        0.03569316183051534,
        -2.6121361378223634e-17,
        -2.4301360974540804e-17,
        0.021083657149277533,
        -1.9049215200321732e-17,
        0.022858256141318024,
        0.022409287369352417,
        -2.0511807358111885e-17,
        -1.4556002355273983e-17,
        0.030498603978550073,
        0.02341358047111286,
        -5.10121605308327e-18,
        0.022846063580876097,
        1.2396821437943129e-17,
        1.3822958281579156e-18,
        0.01774069646934182,
        -2.438688936743534e-18,
        0.02902268990902491,
        0.022589297513466517,
        -1.5813320222181545e-17,
        0.02155716001718645,
        6.031170409273773e-18,
        -1.0720199123516307e-17,
        0.016343923734583234,
        0.02270923352883319,
        -2.2382062221488822e-17,
        -1.547173275636149e-17,
        0.012751198803324235,
        -1.3296676561682577e-17,
        0.014720570633636661,
        0.014293911740026144,
        -8.644766436528599e-18
      ],
      [
        -2.0294638610073617e-17,
        0.04837901040659418,
        0.03520393511912754,
        -1.0750348909546723e-17,
        0.030319798768468454,
        -3.0184888064062245e-17,
        -1.5566647762322048e-17,
        0.025613871370205266,
        0.03773660626623058,
        6.569946628336217e-18,
        -9.252467637149849e-18,
        0.02312046911239563,
        1.4179548339194796e-17,
        0.02874944449754315,
        0.026058997044967114,
        1.789944234747801e-18,
        0.03547016821486106,
        9.272911599614747e-18,
        -7.424104649856757e-18,
        0.022466335079054284,
        8.080922539360386e-18,
        0.026787010376896354,
        0.02436940264089341,
        -1.610869552517946e-18,
        -2.2382062221488822e-17,
        0.030214861753124822,
        0.021089991287924964,
        -1.001779186158999e-17,
        0.018778020399813033,
        -1.7477692566938335e-17,
        -1.8556927469913007e-17,
        0.01626587199467521
      ],
      [
        -1.6521445935030865e-17,
        0.03475786283219448,
        0.0295146615445492,
        -1.1649064900194473e-17,
        0.024251332561429303,
        -2.7007416146843772e-17,
        -1.0460300703121864e-17,
        0.01696215140644007,
        0.02847098640807269,
        3.0581262119490425e-18,
        -1.1342839127448122e-17,
        0.017229198235475328,
        8.045353976031618e-18,
        0.021669779771543714,
        0.02012675350775889,
        4.7602101287970365e-18,
        0.02711924914379846,
        4.139796033299624e-18,
        -8.676944970066634e-18,
        0.016547633701673184,
        7.289838260420022e-18,
        0.019981329608777146,
        0.018645172540233783,
        -2.683125142046053e-19,
        -1.547173275636149e-17,
        0.021089991287924964,
        0.018533367418260817,
        -8.447145152896492e-18,
        0.01557540485055257,
        -1.7376598172997417e-17,
        -1.5556643596104307e-17,
        0.010529052217371814
      ],
      [
        0.02063782742198237,
        -1.1954038047800405e-17,
        -1.2017659299605383e-17,
        0.014741727600854826,
        -7.459517032401706e-18,
        0.014820690525139178,
        0.012220486790700733,
        -8.465265213851105e-18,
        -3.0442707249161962e-18,
        0.01881439211116593,
        0.013828636958958244,
        -3.02147619586195e-19,
        0.013787663906937512,
        8.916411332481642e-18,
        5.673671822898795e-18,
        0.010787350994624465,
        2.2745676575553913e-18,
        0.017944493114636795,
        0.013374148754133135,
        -7.583038360568642e-18,
        0.012687274417568839,
        5.308184271274984e-18,
        -6.21264318892748e-19,
        0.010411434300972203,
        0.012751198803324235,
        -1.001779186158999e-17,
        -8.447145152896492e-18,
        0.009407477880027186,
        -6.1725558540825114e-18,
        0.009631060678492096,
        0.00800218934148802,
        -3.7987781370684666e-18
      ],
      [
        -1.2074164032538995e-17,
        0.03136301913165083,
        0.025804370236261958,
        -9.320713907502271e-18,
        0.02403365172979469,
        -1.8480345219225777e-17,
        -5.712754028665933e-18,
        0.01681731789208454,
        0.027349388011167253,
        7.845254180428792e-18,
        -4.399327726893487e-18,
        0.01671024515210368,
        1.1100078085840553e-17,
        0.019038608247183862,
        0.017281802982586435,
        3.618400121711222e-18,
        0.026407075512829985,
        1.2317562511994637e-17,
        -1.913333649641285e-18,
        0.01638646684503031,
        8.265660758738276e-18,
        0.017056867545373215,
        0.015803729933385528,
        -3.2356053800673277e-19,
        -1.3296676561682577e-17,
        0.018778020399813033,
        0.01557540485055257,
        -6.1725558540825114e-18,
        0.01579595799699048,
        -1.0001773671934712e-17,
        -1.0394134259036124e-17,
        0.010600901530888088
      ],
      [
        0.023916041686790818,
        -2.6103598647304307e-17,
        -2.7553876243461675e-17,
        0.016041251865410364,
        -1.2988614882006146e-17,
        0.020483399749016657,
        0.017370174089910043,
        -1.6501440074614498e-17,
        -1.336370514269763e-17,
        0.024446927061769944,
        0.01865069600125886,
        -4.49411180179466e-18,
        0.01478449077910226,
        2.8222602607079403e-18,
        1.1522154670839712e-18,
        0.01192832581347975,
        -8.61642827144613e-18,
        0.02369974662921846,
        0.017882852768530473,
        -1.4576039526894177e-17,
        0.013605396008285869,
        -1.9631097809228755e-18,
        -5.009797803653685e-18,
        0.01080918427103817,
        0.014720570633636661,
        -1.7477692566938335e-17,
        -1.7376598172997417e-17,
        0.009631060678492096,
        -1.0001773671934712e-17,
        0.013591688434449165,
        0.011005045021567478,
        -9.122033541192291e-18
      ],
      [
        0.022823312555825558,
        -2.3752561317243772e-17,
        -2.4035368004577767e-17,
        0.013028905978818856,
        -1.5260068716858835e-17,
        0.017423242891952743,
        0.016569182772519425,
        -1.6935501780856495e-17,
        -1.5276329100972522e-17,
        0.022011351464441727,
        0.016826856986765726,
        -5.917748117500786e-18,
        0.014010757068582775,
        4.009223943642309e-18,
        -2.8812877229993585e-18,
        0.01086759083969698,
        -7.937780046389047e-18,
        0.020660590036604122,
        0.016639770045432163,
        -1.4398569711376545e-17,
        0.012866565431969805,
        -1.0467123421564627e-18,
        -9.954078373111668e-18,
        0.010260102503307684,
        0.014293911740026144,
        -1.8556927469913007e-17,
        -1.5556643596104307e-17,
        0.00800218934148802,
        -1.0394134259036124e-17,
        0.011005045021567478,
        0.011084391126056983,
        -8.466626839989856e-18
      ],
      [
        -7.11172334060065e-18,
        0.025940130516834293,
        0.01782038297969908,
        -2.4393952232149243e-18,
        0.017150772944415842,
        -1.4707996072034326e-17,
        -6.423378189972634e-18,
        0.015520881938407949,
        0.021114548735255572,
        8.109372062701453e-18,
        -1.505170439701316e-18,
        0.013459899045758898,
        1.157844718855648e-17,
        0.014734765669499139,
        0.013768897577397448,
        4.124838579093453e-18,
        0.019853695382550524,
        8.03662161853524e-18,
        -1.5461782410313577e-18,
        0.013114662982489452,
        8.898908760797345e-18,
        0.013644978681790265,
        0.012582411247976523,
        3.087946609625494e-18,
        -8.644766436528599e-18,
        0.01626587199467521,
        0.010529052217371814,
        -3.7987781370684666e-18,
        0.010600901530888088,
        -9.122033541192291e-18,
        -8.466626839989856e-18,
        0.01039815822233731
      ]
    ],
    "noiseless_rho": [
      [
        0.060677637078854145,
        -1.7210326839982988e-17,
        -2.6633853394324657e-17,
        0.03547845684505121,
        -1.4102998601845238e-17,
        0.03892863829688768,
        0.03759939654977992,
        -1.9299327547927674e-17,
        -5.289679110197416e-19,
        0.050027602872458894,
        0.03843165611567907,
        6.462032689751587e-18,
        0.03769734422804399,
        3.371617029661534e-17,
        1.9684731282279173e-17,
        0.02842035462185023,
        1.5892867989712203e-17,
        0.04777899851392418,
        0.037199462778869666,
        -1.4107309903083856e-17,
        0.035049963549759804,
        2.1609746412790936e-17,
        1.247163151787003e-18,
        0.02669231622127658,
        0.03569316183051534,
        -2.0294638610073617e-17,
        -1.6521445935030865e-17,
        0.02063782742198237,
        -1.2074164032538995e-17,
        0.023916041686790818,
        0.022823312555825558,
        -7.11172334060065e-18
      ],
      [
        -1.7210326839982988e-17,
        0.08239028854251006,
        0.05915991484075922,
        -1.4605118470553536e-17,
        0.05095395170840962,
        -4.310275906083418e-17,
        -1.1955740760206487e-17,
        0.04304091144564341,
        0.06155931760365319,
        2.1825063184088748e-17,
        -7.542881028690742e-18,
        0.03799633437408582,
        3.372957488667824e-17,
        0.04767959740664463,
        0.042537505888161166,
        1.2578270030460734e-17,
        0.058962317394540546,
        2.7126039415027808e-17,
        -4.6459685036148254e-18,
        0.036759870374358156,
        2.615112959394081e-17,
        0.04384949913655499,
        0.03972774813104243,
        7.252519847097485e-18,
        -2.6121361378223634e-17,
        0.04837901040659418,
        0.03475786283219448,
        -1.1954038047800405e-17,
        0.03136301913165083,
        -2.6103598647304307e-17,
        -2.3752561317243772e-17,
        0.025940130516834293
      ],
      [
        -2.6633853394324657e-17,
        0.05915991484075922,
        0.05152920803045212,
        -1.8660414612537393e-17,
        0.04219169804482755,
        -4.321618320938627e-17,
        -1.5244934518574587e-17,
        0.028266587323502644,
        0.047488139231848796,
        7.549676574925687e-18,
        -1.5951640017850036e-17,
        0.02869633011401104,
        1.5388661480095186e-17,
        0.0364950303097477,
        0.03346012020821074,
        8.085148659743097e-18,
        0.04525448233098739,
        1.0686194075664832e-17,
        -1.1410747420029752e-17,
        0.02846511635695571,
        1.4910972775898785e-17,
        0.03361193338687107,
        0.03057557453300363,
        1.0693093150627872e-18,
        -2.4301360974540804e-17,
        0.03520393511912754,
        0.0295146615445492,
        -1.2017659299605383e-17,
        0.025804370236261958,
        -2.7553876243461675e-17,
        -2.4035368004577767e-17,
        0.01782038297969908
      ],
      [
        0.03547845684505121,
        -1.4605118470553536e-17,
        -1.8660414612537393e-17,
        0.025940005538630163,
        -7.28080876369126e-18,
        0.026010022721588255,
        0.02116192410604697,
        -7.967830205044032e-18,
        3.0207242370482723e-18,
        0.03153073455845306,
        0.023296450377063953,
        4.7566767992346615e-18,
        0.023078163081931665,
        1.7900268679583708e-17,
        1.44692735411954e-17,
        0.018485189488724324,
        8.262795128749341e-18,
        0.030137512531530134,
        0.022791563758075138,
        -7.234316714678735e-18,
        0.021571931431919177,
        1.390922754240867e-17,
        4.16746497066049e-18,
        0.016740492358428047,
        0.021083657149277533,
        -1.0750348909546723e-17,
        -1.1649064900194473e-17,
        0.014741727600854826,
        -9.320713907502271e-18,
        0.016041251865410364,
        0.013028905978818856,
        -2.4393952232149243e-18
      ],
      [
        -1.4102998601845238e-17,
        0.05095395170840962,
        0.04219169804482755,
        -7.28080876369126e-18,
        0.040017090493198015,
        -2.4500474478797238e-17,
        -8.208356840316714e-18,
        0.027738691021668385,
        0.04390845284897316,
        1.7644831150253118e-17,
        -3.0145295057038664e-19,
        0.02656071441321404,
        2.1461642235119615e-17,
        0.029545553303663742,
        0.027396986479377126,
        5.929272304432784e-18,
        0.041600954657070345,
        2.4265466516047843e-17,
        2.464546424245403e-18,
        0.02601953298475548,
        1.475121807462073e-17,
        0.02749959465080224,
        0.025232769012158925,
        4.2156705344411315e-19,
        -1.9049215200321732e-17,
        0.030319798768468454,
        0.024251332561429303,
        -7.459517032401706e-18,
        0.02403365172979469,
        -1.2988614882006146e-17,
        -1.5260068716858835e-17,
        0.017150772944415842
      ],
      [
        0.03892863829688768,
        -4.310275906083418e-17,
        -4.321618320938627e-17,
        0.026010022721588255,
        -2.4500474478797238e-17,
        0.03379156809212885,
        0.028404852117844027,
        -2.844877334839578e-17,
        -2.204609278863328e-17,
        0.03896419436545775,
        0.029228493308548265,
        -9.105914555852688e-18,
        0.023269930489181443,
        5.844444499420476e-18,
        4.89861998136536e-19,
        0.01875628418196085,
        -1.3073600652133966e-17,
        0.03718193351720614,
        0.028489559559184294,
        -2.3494777390745125e-17,
        0.021407497912338685,
        -1.0346266545089168e-18,
        -1.026680619576465e-17,
        0.017388935539431154,
        0.022858256141318024,
        -3.0184888064062245e-17,
        -2.7007416146843772e-17,
        0.014820690525139178,
        -1.8480345219225777e-17,
        0.020483399749016657,
        0.017423242891952743,
        -1.4707996072034326e-17
      ],
      [
        0.03759939654977992,
        -1.1955740760206487e-17,
        -1.5244934518574587e-17,
        0.02116192410604697,
        -8.208356840316714e-18,
        0.028404852117844027,
        0.027693199859656244,
