{
  "n": 5,
  "J": 1.0,
  "h": 0.5,
  "beta": 1.2,
  "calculated_result": {
    "n": 5,
    "J": 1.0,
    "h": 0.5,
    "beta": 1.2,
    "params": [
      -4.941642259496975,
      -8.74415768026074,
      -8.017792020136715,
      16.58799999766372,
      -8.905327482935322,
      4.103272446691964,
      5.9332799143459205,
      2.992628822380855,
      6.572982560618712,
      -9.929739955807884,
      -0.3919127010368129,
      1.1524727079399162,
      8.417497729935482,
      4.799760585898657,
      11.241231339463736,
      -2.416315081956621,
      -6.595565541927071,
      0.4199754313528406,
      7.048025526081368,
      3.065269186298721,
      1.687240687449734,
      -3.730110653707493,
      4.361308677616931,
      1.9596050161274348,
      7.876295601388245,
      4.6678727366969905,
      7.9149025522025305,
      0.16940264835100308,
      -9.408037150617018,
      10.525031547062023,
      0.16170598949323975,
      -3.6881752861131005,
      1.2095050187885439,
      -8.318473743999155,
      7.056465133634967,
      2.3951018923945293,
      -0.7547442110481932,
      3.626069708721964,
      -4.178421846999574,
      -6.927930890665019,
      6.102507612187386,
      9.54100449364516,
      3.125926427601491,
      12.938663257731791,
      1.053360356908791,
      9.01701267489827,
      0.4655658013501846,
      13.11095662437864,
      9.121943766881072,
      -0.10006399435156588,
      3.4703973890492215,
      -3.409186039466012,
      -1.3022285392354236,
      18.231437005763226,
      12.49845804782627,
      4.9888270170477895,
      -5.4590027095500915
    ],
    "cost": -4.4600665918884435,
    "energy": -2.7865120894860453,
    "entropy": 2.008265402882878,
    "rho": [
      [
        0.12659503729288532,
        -1.6680175863984527e-17,
        -1.848439701110634e-17,
        0.03550045192402898,
        9.912127968626848e-18,
        0.032453914721473257,
        0.061080986163691134,
        1.7379787549598138e-17,
        -3.278357797468988e-17,
        -0.0018710403546666205,
        -0.0016784825177097121,
        -2.387946115924871e-18,
        -0.0011459572327762687,
        -1.0703562235739357e-17,
        -9.96621453673969e-18,
        -0.0015551581543163228,
        -1.1620962783947887e-17,
        -0.0036899980764102842,
        -0.0024405348974870476,
        -1.754201888560706e-17,
        -0.0005122358856718787,
        -3.1336902094718215e-17,
        5.574523595929307e-17,
        -0.002853023326502877,
        0.03769213092672143,
        -2.2641562593677633e-18,
        -6.62857182468015e-18,
        0.011550231053783331,
        -5.799644868313404e-18,
        0.0134801094899654,
        0.019471978732820343,
        1.376941463442745e-17
      ],
      [
        -1.6680175863984527e-17,
        0.04099175215794139,
        0.034581867548723236,
        -4.245650968809596e-18,
        0.038134114494854966,
        2.1443036430353842e-18,
        -3.2343476132103535e-18,
        0.020488877278406634,
        0.0008818068331678754,
        -9.26690921228677e-20,
        -9.124791919365517e-18,
        -2.6405109992338875e-05,
        -4.691366619309099e-18,
        0.0006323434413708104,
        5.247582230044127e-05,
        2.8717905224198302e-18,
        0.0029421791955576253,
        3.1669954953534305e-19,
        -2.370294563203437e-18,
        0.0002555226776749231,
        -3.227420833769615e-20,
        -0.0001714909473180291,
        8.836048361933821e-05,
        3.627322653516571e-18,
        -2.0767419882430746e-17,
        0.010006864173679625,
        0.010022547438582965,
        -8.769451672910222e-18,
        0.014199933734014191,
        3.1157017714994327e-18,
        9.138168031943876e-18,
        0.00543336853497394
      ],
      [
        -1.848439701110634e-17,
        0.034581867548723236,
        0.047549093004756904,
        9.809767169184864e-18,
        0.05390984770681072,
        1.3863568031296077e-17,
        1.0076852286026766e-17,
        0.019513982029571948,
        0.00012471311518984736,
        -3.3771002024733732e-18,
        -2.3166494544467565e-18,
        0.0011079472231015324,
        -3.904024213839242e-18,
        0.00039619685053653923,
        -0.00013000244075971843,
        -4.592209129182904e-19,
        0.00015001551695341213,
        2.8637487984544134e-18,
        -1.119913948004687e-17,
        0.0018593805652067589,
        -1.3325545073257924e-17,
        0.0004689691784243632,
        -0.00023699453534868287,
        4.886771555677618e-18,
        -2.6216131000108575e-17,
        0.011663965108414625,
        0.014200864743518867,
        -7.63394612477778e-18,
        0.015593368440781786,
        5.5828398597464234e-18,
        1.760395978649277e-17,
        0.0060848586028366125
      ],
      [
        0.03550045192402898,
        -4.245650968809596e-18,
        9.809767169184864e-18,
        0.01940518228973764,
        1.9785356988690142e-17,
        0.016478172954942114,
        0.01800755499851244,
        6.334257823842609e-18,
        -1.9128177514009293e-18,
        -0.001109468876731328,
        0.00017085605905403992,
        4.633149529550497e-18,
        0.0021073914388132506,
        -4.368162075986333e-19,
        3.3002483803027935e-18,
        0.0002609592994950166,
        7.652681812765641e-18,
        -0.002179778958100987,
        0.0001941806924260655,
        -6.220832316410817e-18,
        0.003499098227967877,
        -6.2871990799253004e-18,
        1.9729224823505234e-17,
        -3.3297092575307287e-05,
        0.013457468390016101,
        1.183686627034808e-19,
        3.521279625399495e-18,
        0.004582461166966847,
        1.95731535805153e-18,
        0.0039250625423234735,
        0.005833109230050019,
        5.883143871446177e-18
      ],
      [
        9.912127968626848e-18,
        0.038134114494854966,
        0.05390984770681072,
        1.9785356988690142e-17,
        0.07115953393282588,
        7.264532791583508e-18,
        2.483986155681286e-17,
        0.024814541360745276,
        0.0010634265110785867,
        1.3053339904935118e-17,
        2.055771554737844e-17,
        0.0012559824985862971,
        4.879661942326769e-17,
        0.0018725406855349964,
        0.0012382174828877344,
        1.3908817426950492e-17,
        4.112426990372091e-05,
        1.1416548796240145e-17,
        6.974323566072643e-18,
        0.00244937838694206,
        6.267738061840863e-17,
        0.0031051275903913288,
        0.001330139634096596,
        1.9601033334136017e-17,
        -3.230416560878225e-17,
        0.015546891521830026,
        0.016862081880839968,
        -6.828413958099682e-18,
        0.021755269493449796,
        6.925934152967551e-18,
        2.4073470360385746e-17,
        0.008189118196767414
      ],
      [
        0.032453914721473257,
        2.1443036430353842e-18,
        1.3863568031296077e-17,
        0.016478172954942114,
        7.264532791583508e-18,
        0.02252206992608821,
        0.019054034140262046,
        6.6492162977903424e-18,
        -1.810494374010734e-17,
        -0.0010064538374092058,
        0.000716843077386006,
        -4.872285691411724e-18,
        0.0007854561468165315,
        -9.03146121344005e-18,
        -6.112190371607102e-18,
        0.0001315012638549725,
        -1.2075206406418738e-17,
        -0.000625877944927313,
        0.0010876104117998294,
        -1.8047483771930255e-17,
        0.0008695685364601941,
        -2.3032596398711832e-17,
        4.692381710497805e-18,
        0.00016750529018792456,
        0.013486694309944291,
        -1.8988469706125697e-18,
        6.1101318348533925e-18,
        0.00529726206271812,
        -2.126700827409325e-18,
        0.005716770541023937,
        0.006391132720262051,
        8.131686390403309e-18
      ],
      [
        0.061080986163691134,
        -3.2343476132103535e-18,
        1.0076852286026766e-17,
        0.01800755499851244,
        2.483986155681286e-17,
        0.019054034140262046,
        0.03589664939532887,
        1.3667763997229545e-17,
        -3.274601459052502e-17,
        -0.0001999431896150116,
        0.0002903709115204422,
        -7.640204602722389e-18,
        0.00027848260597456743,
        -1.195678672961458e-17,
        -1.106395607976862e-17,
        -0.0006430137025227087,
        -3.140676099419264e-17,
        -0.00016782817596691185,
        0.0003454848807804165,
        -1.813815963756563e-17,
        0.0005412633040042038,
        -2.6524697608768908e-17,
        1.491842298347466e-17,
        -0.0010902962784777065,
        0.020509629063456852,
        1.5927429222328503e-18,
        4.875068519345424e-18,
        0.005248292927363287,
        1.85931453811466e-18,
        0.007719641028804729,
        0.011151272748241296,
        1.0222664765751217e-17
      ],
      [
        1.7379787549598138e-17,
        0.020488877278406634,
        0.019513982029571948,
        6.334257823842609e-18,
        0.024814541360745276,
        6.6492162977903424e-18,
        1.3667763997229545e-17,
        0.015582812598983522,
        -0.0008986858481769439,
        9.230174275114975e-18,
        9.21293264341009e-18,
        -0.00023487006495311378,
        9.62745099509834e-18,
        0.0007784191804740676,
        -0.00015804516063762093,
        6.206272151345004e-18,
        -0.0016687730198199466,
        1.447342198149585e-17,
        9.262298302109893e-18,
        -2.8636981376731102e-05,
        1.428421914326098e-17,
        0.0010980609079940676,
        -0.0003048531428187749,
        8.49307566781755e-18,
        -6.253364863820867e-18,
        0.005781118812935037,
        0.005911583581711673,
        -3.4578416801459387e-18,
        0.009516741191691096,
        5.5565623962742395e-18,
        1.0133393895104773e-17,
        0.004210524158304499
      ],
      [
        -3.278357797468988e-17,
        0.0008818068331678754,
        0.00012471311518984736,
        -1.9128177514009293e-18,
        0.0010634265110785867,
        -1.810494374010734e-17,
        -3.274601459052502e-17,
        -0.0008986858481769439,
        0.06291452432975585,
        -1.9486210605393714e-17,
        -2.5429181144107845e-17,
        0.017088026252514425,
        1.5410802609116874e-17,
        0.014866061493797097,
        0.025779022964600537,
        4.23779608578572e-18,
        0.07567810132612562,
        -2.369438583709397e-18,
        2.5941475076849907e-17,
        0.019253130698284424,
        -9.692762884206725e-18,
        0.017206343830894234,
        0.029099664586246028,
        -8.807182572097291e-18,
        -8.552144418454746e-18,
        0.0006762448785714267,
        0.00010916596688899106,
        1.4419210735300746e-17,
        -2.9408899846931493e-05,
        -6.3123739597023695e-18,
        -2.02327805663749e-17,
        -4.2150243308083907e-07
      ],
      [
        -0.0018710403546666205,
        -9.26690921228677e-20,
        -3.3771002024733732e-18,
        -0.001109468876731328,
        1.3053339904935118e-17,
        -0.0010064538374092058,
        -0.0001999431896150116,
        9.230174275114975e-18,
        -1.9486210605393714e-17,
        0.022437215693113834,
        0.017780319258027227,
        -1.2732588703920763e-17,
        0.021246414733911728,
        -1.157295789964265e-17,
        -1.914282832920331e-18,
        0.008167466519742676,
        -6.4257964127026834e-18,
        0.02672858609713005,
        0.023727861251010788,
        -1.367918374406697e-17,
        0.02700122008611085,
        -1.801162413785037e-17,
        -1.4246540830157303e-17,
        0.010981297405021113,
        -0.0013440933263448261,
        2.022259946829532e-18,
        -1.4654722809022527e-17,
        -0.0005336127891499769,
        8.7993929422128e-19,
        9.838639714577018e-05,
        -7.060181151018575e-05,
        1.0318521457302877e-18
      ],
      [
        -0.0016784825177097121,
        -9.124791919365517e-18,
        -2.3166494544467565e-18,
        0.00017085605905403992,
        2.055771554737844e-17,
        0.000716843077386006,
        0.0002903709115204422,
        9.21293264341009e-18,
        -2.5429181144107845e-17,
        0.017780319258027227,
        0.024100492756696908,
        -1.2628759880757848e-17,
        0.022674434028454274,
        -7.62000085021045e-18,
        2.4798790637718045e-18,
        0.009038984837732798,
        -1.8689760564139925e-17,
        0.025705801767386446,
        0.02631851092289077,
        -1.3500079690997554e-17,
        0.027646503931027844,
        -3.3520686316294046e-18,
        -8.746415743298873e-18,
        0.01129713317111476,
        -0.0005259250801842916,
        1.5214205392859127e-18,
        -1.365155932379382e-17,
        -7.587028813581465e-06,
        4.343280030635531e-19,
        0.0002851950546707785,
        0.00012133750948890932,
        1.182213171670036e-18
      ],
      [
        -2.387946115924871e-18,
        -2.6405109992338875e-05,
        0.0011079472231015324,
        4.633149529550497e-18,
        0.0012559824985862971,
        -4.872285691411724e-18,
        -7.640204602722389e-18,
        -0.00023487006495311378,
        0.017088026252514425,
        -1.2732588703920763e-17,
        -1.2628759880757848e-17,
        0.008942576747485626,
        5.599346756737492e-18,
        0.006130469297091961,
        0.0060888857024419,
        4.679193981590251e-19,
        0.020912015902983486,
        -1.6818569254952627e-17,
        -2.8100079128988834e-18,
        0.00786693376031091,
        3.479064273632307e-18,
        0.005543821909802302,
        0.007755264795795733,
        -3.4362758035188212e-18,
        7.185424197482748e-19,
        0.00031930620481077955,
        0.00034479343986384845,
        5.1319385004124326e-18,
        0.00017411325311462214,
        -1.1501284333731713e-18,
        -3.8727268805004336e-18,
        7.968195802099839e-05
      ],
      [
        -0.0011459572327762687,
        -4.691366619309099e-18,
        -3.904024213839242e-18,
        0.0021073914388132506,
        4.879661942326769e-17,
        0.0007854561468165315,
        0.00027848260597456743,
        9.62745099509834e-18,
        1.5410802609116874e-17,
        0.021246414733911728,
        0.022674434028454274,
        5.599346756737492e-18,
        0.037374157219312365,
        -2.5187125108190467e-18,
        1.6282944038389508e-17,
        0.012096498340742006,
        3.835521151930082e-17,
        0.027054242774706534,
        0.028682639945711515,
        -4.920058279303688e-18,
        0.04531779457745162,
        -3.483256469813561e-18,
        -1.0133458355315754e-17,
        0.015319253613631073,
        0.0002800168927226874,
        6.689015027888567e-19,
        -1.7237210616486854e-17,
        0.00033341935806352496,
        8.031962121327434e-18,
        7.213876978948062e-05,
        0.00021853104773530543,
        -1.3793231999310849e-18
      ],
      [
        -1.0703562235739357e-17,
        0.0006323434413708104,
        0.00039619685053653923,
        -4.368162075986333e-19,
        0.0018725406855349964,
        -9.03146121344005e-18,
        -1.195678672961458e-17,
        0.0007784191804740676,
        0.014866061493797097,
        -1.157295789964265e-17,
        -7.62000085021045e-18,
        0.006130469297091961,
        -2.5187125108190467e-18,
        0.011352802975093383,
        0.009816183879991319,
        -2.3547040946542736e-18,
        0.018562552060385065,
        -6.4655550780023885e-18,
        -2.926148069645297e-18,
        0.005892229593026946,
        -1.255567722612478e-17,
        0.010684383177839037,
        0.010666092805076327,
        -5.3036797661625936e-18,
        -1.6453081582934638e-18,
        -4.933439326671665e-05,
        0.00024234524254599824,
        4.889592219946559e-18,
        0.0007884106040204984,
        -7.6618524935057815e-19,
        -4.0850651418228866e-18,
        0.00023364953545356807
      ],
      [
        -9.96621453673969e-18,
        5.247582230044127e-05,
        -0.00013000244075971843,
        3.3002483803027935e-18,
        0.0012382174828877344,
        -6.112190371607102e-18,
        -1.106395607976862e-17,
        -0.00015804516063762093,
        0.025779022964600537,
        -1.914282832920331e-18,
        2.4798790637718045e-18,
        0.0060888857024419,
        1.6282944038389508e-17,
        0.009816183879991319,
        0.016026131970648505,
        5.149919625243358e-18,
        0.030370639507446968,
        1.580761525832122e-17,
        2.066239687334091e-17,
        0.007576817847025954,
        1.0146186987767732e-18,
        0.01202606496231898,
        0.01635618783003869,
        8.548519980484571e-19,
        -4.96343373380094e-19,
        -0.00016709720110809917,
        -1.1025499293992256e-05,
        8.37141805923765e-18,
        0.0002915893669610719,
        -9.10060956513315e-19,
        -6.748870990286634e-18,
        9.10609451380475e-05
      ],
      [
        -0.0015551581543163228,
        2.8717905224198302e-18,
        -4.592209129182904e-19,
        0.0002609592994950166,
        1.3908817426950492e-17,
        0.0001315012638549725,
        -0.0006430137025227087,
        6.206272151345004e-18,
        4.23779608578572e-18,
        0.008167466519742676,
        0.009038984837732798,
        4.679193981590251e-19,
        0.012096498340742006,
        -2.3547040946542736e-18,
        5.149919625243358e-18,
        0.009510912465252076,
        2.0178764077317106e-17,
        0.012351829587972077,
        0.010713408809941564,
        -1.018251790735942e-18,
        0.016663758462869445,
        -2.6248653081245397e-18,
        -1.6497838136838612e-18,
        0.006388059877486482,
        -0.00027225030558995073,
        1.139806059326261e-18,
        -6.455808748872026e-18,
        -3.6137967396520986e-05,
        3.649898131805615e-18,
        -7.992945829658532e-07,
        -0.00012851626594034268,
        -9.834963666281218e-19
      ],
      [
        -1.1620962783947887e-17,
        0.0029421791955576253,
        0.00015001551695341213,
        7.652681812765641e-18,
        4.112426990372091e-05,
        -1.2075206406418738e-17,
        -3.140676099419264e-17,
        -0.0016687730198199466,
        0.07567810132612562,
        -6.4257964127026834e-18,
        -1.8689760564139925e-17,
        0.020912015902983486,
        3.835521151930082e-17,
        0.018562552060385065,
        0.030370639507446968,
        2.0178764077317106e-17,
        0.12477403260064229,
        1.3770552674504003e-17,
        6.926741155345094e-17,
        0.02782844973143795,
        2.470561507489113e-17,
        0.020311139163672467,
        0.045848984377206324,
        1.6852810862870154e-18,
        -8.320222175288198e-19,
        0.0015390364654969742,
        0.00026602955292673926,
        2.4248851151825006e-17,
        -0.00037017858439079317,
        -2.9122656948541103e-18,
        -2.159645874574164e-17,
        -0.00015296563991435878
      ],
      [
        -0.0036899980764102842,
        3.1669954953534305e-19,
        2.8637487984544134e-18,
        -0.002179778958100987,
        1.1416548796240145e-17,
        -0.000625877944927313,
        -0.00016782817596691185,
        1.447342198149585e-17,
        -2.369438583709397e-18,
        0.02672858609713005,
        0.025705801767386446,
        -1.6818569254952627e-17,
        0.027054242774706534,
        -6.4655550780023885e-18,
        1.580761525832122e-17,
        0.012351829587972077,
        1.3770552674504003e-17,
        0.04637626618873267,
        0.03540064415446885,
        -1.2956128830954556e-17,
        0.03462272001847075,
        -7.994645833171393e-18,
        3.74123556561896e-18,
        0.017615940120084144,
        -0.002410663063040677,
        6.162673464091094e-18,
        -1.846936839801449e-17,
        -0.0009068295106887948,
        -3.079423176095452e-18,
        0.00041110723873299574,
        -0.00018099760018002852,
        4.950290335888074e-18
      ],
      [
        -0.0024405348974870476,
        -2.370294563203437e-18,
        -1.119913948004687e-17,
        0.0001941806924260655,
        6.974323566072643e-18,
        0.0010876104117998294,
        0.0003454848807804165,
        9.262298302109893e-18,
        2.5941475076849907e-17,
        0.023727861251010788,
        0.02631851092289077,
        -2.8100079128988834e-18,
        0.028682639945711515,
        -2.926148069645297e-18,
        2.066239687334091e-17,
        0.010713408809941564,
        6.926741155345094e-17,
        0.03540064415446885,
        0.03816438356841082,
        -2.9050984983303312e-18,
        0.03609428259414792,
        -7.866033008527049e-18,
        1.0346970978971516e-17,
        0.015693216569567184,
        -0.0007483738820225089,
        3.316906013398158e-18,
        -1.8443262948849315e-17,
        -0.0004173180362668735,
        -3.143127228592909e-19,
        0.0004961211762531444,
        0.00016481738974112765,
        2.227494533772184e-18
      ],
      [
        -1.754201888560706e-17,
        0.0002555226776749231,
        0.0018593805652067589,
        -6.220832316410817e-18,
        0.00244937838694206,
        -1.8047483771930255e-17,
        -1.813815963756563e-17,
        -2.8636981376731102e-05,
        0.019253130698284424,
        -1.367918374406697e-17,
        -1.3500079690997554e-17,
        0.00786693376031091,
        -4.920058279303688e-18,
        0.005892229593026946,
        0.007576817847025954,
        -1.018251790735942e-18,
        0.02782844973143795,
        -1.2956128830954556e-17,
        -2.9050984983303312e-18,
        0.013438290016237489,
        -1.3940623667943197e-17,
        0.009119408215427586,
        0.01046340913574722,
        -6.43512382610478e-18,
        -1.0166725715181133e-17,
        0.0005631731204991859,
        0.00073409181597141,
        3.645618435845085e-18,
        0.00047391098158780417,
        -3.1905302663200803e-18,
        -6.075752653363194e-18,
        0.0001440341926389674
      ],
      [
        -0.0005122358856718787,
        -3.227420833769615e-20,
        -1.3325545073257924e-17,
        0.003499098227967877,
        6.267738061840863e-17,
        0.0008695685364601941,
        0.0005412633040042038,
        1.428421914326098e-17,
        -9.692762884206725e-18,
        0.02700122008611085,
        0.027646503931027844,
        3.479064273632307e-18,
        0.04531779457745162,
        -1.255567722612478e-17,
        1.0146186987767732e-18,
        0.016663758462869445,
        2.470561507489113e-17,
        0.03462272001847075,
        0.03609428259414792,
        -1.3940623667943197e-17,
        0.06966358360500978,
        -1.9068658846058343e-17,
        -3.5054652231699554e-17,
        0.020861994237372394,
        0.0007744606780224806,
        -1.7617719944354032e-18,
        -2.785677159932558e-17,
        0.0007185251261921932,
        1.2448887451885094e-17,
        -7.862883571432272e-05,
        0.0003089058974085287,
        -6.372616569571753e-18
      ],
      [
        -3.1336902094718215e-17,
        -0.0001714909473180291,
        0.0004689691784243632,
        -6.2871990799253004e-18,
        0.0031051275903913288,
        -2.3032596398711832e-17,
        -2.6524697608768908e-17,
        0.0010980609079940676,
        0.017206343830894234,
        -1.801162413785037e-17,
        -3.3520686316294046e-18,
        0.005543821909802302,
        -3.483256469813561e-18,
        0.010684383177839037,
        0.01202606496231898,
        -2.6248653081245397e-18,
        0.020311139163672467,
        -7.994645833171393e-18,
        -7.866033008527049e-18,
        0.009119408215427586,
        -1.9068658846058343e-17,
        0.02106350917908833,
        0.01744473940259557,
        -1.0225824601249722e-17,
        -1.2539145341282622e-17,
        -0.0002746221768331475,
        -3.8292380284070454e-05,
        5.649153774154835e-18,
        0.0010574024812550103,
        -6.139566202035934e-18,
        -9.347411150029467e-18,
        0.0004037025974425347
      ],
      [
        5.574523595929307e-17,
        8.836048361933821e-05,
        -0.00023699453534868287,
        1.9729224823505234e-17,
        0.001330139634096596,
        4.692381710497805e-18,
        1.491842298347466e-17,
        -0.0003048531428187749,
        0.029099664586246028,
        -1.4246540830157303e-17,
        -8.746415743298873e-18,
        0.007755264795795733,
        -1.0133458355315754e-17,
        0.010666092805076327,
        0.01635618783003869,
        -1.6497838136838612e-18,
        0.045848984377206324,
        3.74123556561896e-18,
        1.0346970978971516e-17,
        0.01046340913574722,
        -3.5054652231699554e-17,
        0.01744473940259557,
        0.026873908340887893,
        -1.2298467558435976e-17,
        1.454384490310871e-17,
        0.00012318974961148804,
        -8.141640160258659e-05,
        1.6349910779561986e-17,
        0.0003128709449085565,
        5.414743145383225e-18,
        4.585667430707957e-20,
        -6.235505317935447e-05
      ],
      [
        -0.002853023326502877,
        3.627322653516571e-18,
        4.886771555677618e-18,
        -3.3297092575307287e-05,
        1.9601033334136017e-17,
        0.00016750529018792456,
        -0.0010902962784777065,
        8.49307566781755e-18,
        -8.807182572097291e-18,
        0.010981297405021113,
        0.01129713317111476,
        -3.4362758035188212e-18,
        0.015319253613631073,
        -5.3036797661625936e-18,
        8.548519980484571e-19,
        0.006388059877486482,
        1.6852810862870154e-18,
        0.017615940120084144,
        0.015693216569567184,
        -6.43512382610478e-18,
        0.020861994237372394,
        -1.0225824601249722e-17,
        -1.2298467558435976e-17,
        0.014278802451253203,
        -0.0007268030215811264,
        2.517807298141426e-18,
        -8.582660605534104e-18,
        -0.0001787937251261489,
        2.7342112738558763e-18,
        -4.018909127780912e-05,
        -0.00033794209708536176,
        1.0992699819751446e-18
      ],
      [
        0.03769213092672143,
        -2.0767419882430746e-17,
        -2.6216131000108575e-17,
        0.013457468390016101,
        -3.230416560878225e-17,
        0.013486694309944291,
        0.020509629063456852,
        -6.253364863820867e-18,
        -8.552144418454746e-18,
        -0.0013440933263448261,
        -0.0005259250801842916,
        7.185424197482748e-19,
        0.0002800168927226874,
        -1.6453081582934638e-18,
        -4.96343373380094e-19,
        -0.00027225030558995073,
        -8.320222175288198e-19,
        -0.002410663063040677,
        -0.0007483738820225089,
        -1.0166725715181133e-17,
        0.0007744606780224806,
        -1.2539145341282622e-17,
        1.454384490310871e-17,
        -0.0007268030215811264,
        0.017444447102551476,
        -1.0166269553363698e-17,
        -6.048407999156163e-18,
        0.004150105162191909,
        -1.1732909242261053e-17,
        0.0051912443334197166,
        0.007507361767065157,
        1.54619208635723e-18
      ],
      [
        -2.2641562593677633e-18,
        0.010006864173679625,
        0.011663965108414625,
        1.183686627034808e-19,
        0.015546891521830026,
        -1.8988469706125697e-18,
        1.5927429222328503e-18,
        0.005781118812935037,
        0.0006762448785714267,
        2.022259946829532e-18,
        1.5214205392859127e-18,
        0.00031930620481077955,
        6.689015027888567e-19,
        -4.933439326671665e-05,
        -0.00016709720110809917,
        1.139806059326261e-18,
        0.0015390364654969742,
        6.162673464091094e-18,
        3.316906013398158e-18,
        0.0005631731204991859,
        -1.7617719944354032e-18,
        -0.0002746221768331475,
        0.00012318974961148804,
        2.517807298141426e-18,
        -1.0166269553363698e-17,
        0.010355377679283913,
        0.005725298178097098,
        -2.815246425871919e-18,
        0.005386728366734132,
        6.627887042213134e-19,
        3.710437792541642e-18,
        0.003969617562408966
      ],
      [
        -6.62857182468015e-18,
        0.010022547438582965,
        0.014200864743518867,
        3.521279625399495e-18,
        0.016862081880839968,
        6.1101318348533925e-18,
        4.875068519345424e-18,
        0.005911583581711673,
        0.00010916596688899106,
        -1.4654722809022527e-17,
        -1.365155932379382e-17,
        0.00034479343986384845,
        -1.7237210616486854e-17,
        0.00024234524254599824,
        -1.1025499293992256e-05,
        -6.455808748872026e-18,
        0.00026602955292673926,
        -1.846936839801449e-17,
        -1.8443262948849315e-17,
        0.00073409181597141,
        -2.785677159932558e-17,
        -3.8292380284070454e-05,
        -8.141640160258659e-05,
        -8.582660605534104e-18,
        -6.048407999156163e-18,
        0.005725298178097098,
        0.008247934830528502,
        -1.7162756198825505e-18,
        0.008990296937223337,
        4.775077899465678e-19,
        7.661649958971409e-18,
        0.0027366937180397194
      ],
      [
        0.011550231053783331,
        -8.769451672910222e-18,
        -7.63394612477778e-18,
        0.004582461166966847,
        -6.828413958099682e-18,
        0.00529726206271812,
        0.005248292927363287,
        -3.4578416801459387e-18,
        1.4419210735300746e-17,
        -0.0005336127891499769,
        -7.587028813581465e-06,
        5.1319385004124326e-18,
        0.00033341935806352496,
        4.889592219946559e-18,
        8.37141805923765e-18,
        -3.6137967396520986e-05,
        2.4248851151825006e-17,
        -0.0009068295106887948,
        -0.0004173180362668735,
        3.645618435845085e-18,
        0.0007185251261921932,
        5.649153774154835e-18,
        1.6349910779561986e-17,
        -0.0001787937251261489,
        0.004150105162191909,
        -2.815246425871919e-18,
        -1.7162756198825505e-18,
        0.0036589234404534455,
        -3.3189823073796834e-18,
        0.000855888571285186,
        0.0027479185908449665,
        -1.4863991711923326e-19
      ],
      [
        -5.799644868313404e-18,
        0.014199933734014191,
        0.015593368440781786,
        1.95731535805153e-18,
        0.021755269493449796,
        -2.126700827409325e-18,
        1.85931453811466e-18,
        0.009516741191691096,
        -2.9408899846931493e-05,
        8.7993929422128e-19,
        4.343280030635531e-19,
        0.00017411325311462214,
        8.031962121327434e-18,
        0.0007884106040204984,
        0.0002915893669610719,
        3.649898131805615e-18,
        -0.00037017858439079317,
        -3.079423176095452e-18,
        -3.143127228592909e-19,
        0.00047391098158780417,
        1.2448887451885094e-17,
        0.0010574024812550103,
        0.0003128709449085565,
        2.7342112738558763e-18,
        -1.1732909242261053e-17,
        0.005386728366734132,
        0.008990296937223337,
        -3.3189823073796834e-18,
        0.01661265299014693,
        -1.2725192694142333e-19,
        5.601153983355132e-18,
        0.004748240938700617
      ],
      [
        0.0134801094899654,
        3.1157017714994327e-18,
        5.5828398597464234e-18,
        0.0039250625423234735,
        6.925934152967551e-18,
        0.005716770541023937,
        0.007719641028804729,
        5.5565623962742395e-18,
        -6.3123739597023695e-18,
        9.838639714577018e-05,
        0.0002851950546707785,
        -1.1501284333731713e-18,
        7.213876978948062e-05,
        -7.6618524935057815e-19,
        -9.10060956513315e-19,
        -7.992945829658532e-07,
        -2.9122656948541103e-18,
        0.00041110723873299574,
        0.0004961211762531444,
        -3.1905302663200803e-18,
        -7.862883571432272e-05,
        -6.139566202035934e-18,
        5.414743145383225e-18,
        -4.018909127780912e-05,
        0.0051912443334197166,
        6.627887042213134e-19,
        4.775077899465678e-19,
        0.000855888571285186,
        -1.2725192694142333e-19,
        0.005804933418031947,
        0.002196525037149819,
        3.054522618547972e-18
      ],
      [
        0.019471978732820343,
        9.138168031943876e-18,
        1.760395978649277e-17,
        0.005833109230050019,
        2.4073470360385746e-17,
        0.006391132720262051,
        0.011151272748241296,
        1.0133393895104773e-17,
        -2.02327805663749e-17,
        -7.060181151018575e-05,
        0.00012133750948890932,
        -3.8727268805004336e-18,
        0.00021853104773530543,
        -4.0850651418228866e-18,
        -6.748870990286634e-18,
        -0.00012851626594034268,
        -2.159645874574164e-17,
        -0.00018099760018002852,
        0.00016481738974112765,
        -6.075752653363194e-18,
        0.0003089058974085287,
        -9.347411150029467e-18,
        4.585667430707957e-20,
        -0.00033794209708536176,
        0.007507361767065157,
        3.710437792541642e-18,
        7.661649958971409e-18,
        0.0027479185908449665,
        5.601153983355132e-18,
        0.002196525037149819,
        0.007280932402848336,
        4.7627336700950804e-18
      ],
      [
        1.376941463442745e-17,
        0.00543336853497394,
        0.0060848586028366125,
        5.883143871446177e-18,
        0.008189118196767414,
        8.131686390403309e-18,
        1.0222664765751217e-17,
        0.004210524158304499,
        -4.2150243308083907e-07,
        1.0318521457302877e-18,
        1.182213171670036e-18,
        7.968195802099839e-05,
        -1.3793231999310849e-18,
        0.00023364953545356807,
        9.10609451380475e-05,
        -9.834963666281218e-19,
        -0.00015296563991435878,
        4.950290335888074e-18,
        2.227494533772184e-18,
        0.0001440341926389674,
        -6.372616569571753e-18,
        0.0004037025974425347,
        -6.235505317935447e-05,
        1.0992699819751446e-18,
        1.54619208635723e-18,
        0.003969617562408966,
        0.0027366937180397194,
        -1.4863991711923326e-19,
        0.004748240938700617,
        3.054522618547972e-18,
        4.7627336700950804e-18,
        0.0036010774299856494
      ]
    ],
    "noiseless_rho": [
      [
        0.12659503729288532,
        -1.6680175863984527e-17,
        -1.848439701110634e-17,
        0.03550045192402898,
        9.912127968626848e-18,
        0.032453914721473257,
        0.061080986163691134,
        1.7379787549598138e-17,
        -3.278357797468988e-17,
        -0.0018710403546666205,
        -0.0016784825177097121,
        -2.387946115924871e-18,
        -0.0011459572327762687,
        -1.0703562235739357e-17,
        -9.96621453673969e-18,
        -0.0015551581543163228,
        -1.1620962783947887e-17,
        -0.0036899980764102842,
        -0.0024405348974870476,
        -1.754201888560706e-17,
        -0.0005122358856718787,
        -3.1336902094718215e-17,
        5.574523595929307e-17,
        -0.002853023326502877,
        0.03769213092672143,
        -2.2641562593677633e-18,
        -6.62857182468015e-18,
        0.011550231053783331,
        -5.799644868313404e-18,
        0.0134801094899654,
        0.019471978732820343,
        1.376941463442745e-17
      ],
      [
        -1.6680175863984527e-17,
        0.04099175215794139,
        0.034581867548723236,
        -4.245650968809596e-18,
        0.038134114494854966,
        2.1443036430353842e-18,
        -3.2343476132103535e-18,
        0.020488877278406634,
        0.0008818068331678754,
        -9.26690921228677e-20,
        -9.124791919365517e-18,
        -2.6405109992338875e-05,
        -4.691366619309099e-18,
        0.0006323434413708104,
        5.247582230044127e-05,
        2.8717905224198302e-18,
        0.0029421791955576253,
        3.1669954953534305e-19,
        -2.370294563203437e-18,
        0.0002555226776749231,
        -3.227420833769615e-20,
        -0.0001714909473180291,
        8.836048361933821e-05,
        3.627322653516571e-18,
        -2.0767419882430746e-17,
        0.010006864173679625,
        0.010022547438582965,
        -8.769451672910222e-18,
        0.014199933734014191,
        3.1157017714994327e-18,
        9.138168031943876e-18,
        0.00543336853497394
      ],
      [
        -1.848439701110634e-17,
        0.034581867548723236,
        0.047549093004756904,
        9.809767169184864e-18,
        0.05390984770681072,
        1.3863568031296077e-17,
        1.0076852286026766e-17,
        0.019513982029571948,
        0.00012471311518984736,
        -3.3771002024733732e-18,
        -2.3166494544467565e-18,
        0.0011079472231015324,
        -3.904024213839242e-18,
        0.00039619685053653923,
        -0.00013000244075971843,
        -4.592209129182904e-19,
        0.00015001551695341213,
        2.8637487984544134e-18,
        -1.119913948004687e-17,
        0.0018593805652067589,
        -1.3325545073257924e-17,
        0.0004689691784243632,
        -0.00023699453534868287,
        4.886771555677618e-18,
        -2.6216131000108575e-17,
        0.011663965108414625,
        0.014200864743518867,
        -7.63394612477778e-18,
        0.015593368440781786,
        5.5828398597464234e-18,
        1.760395978649277e-17,
        0.0060848586028366125
      ],
      [
        0.03550045192402898,
        -4.245650968809596e-18,
        9.809767169184864e-18,
        0.01940518228973764,
        1.9785356988690142e-17,
        0.016478172954942114,
        0.01800755499851244,
        6.334257823842609e-18,
        -1.9128177514009293e-18,
        -0.001109468876731328,
        0.00017085605905403992,
        4.633149529550497e-18,
        0.0021073914388132506,
        -4.368162075986333e-19,
        3.3002483803027935e-18,
        0.0002609592994950166,
        7.652681812765641e-18,
        -0.002179778958100987,
        0.0001941806924260655,
        -6.220832316410817e-18,
        0.003499098227967877,
        -6.2871990799253004e-18,
        1.9729224823505234e-17,
        -3.3297092575307287e-05,
        0.013457468390016101,
        1.183686627034808e-19,
        3.521279625399495e-18,
        0.004582461166966847,
        1.95731535805153e-18,
        0.0039250625423234735,
        0.005833109230050019,
        5.883143871446177e-18
      ],
      [
        9.912127968626848e-18,
        0.038134114494854966,
        0.05390984770681072,
        1.9785356988690142e-17,
        0.07115953393282588,
        7.264532791583508e-18,
        2.483986155681286e-17,
        0.024814541360745276,
        0.0010634265110785867,
        1.3053339904935118e-17,
        2.055771554737844e-17,
        0.0012559824985862971,
        4.879661942326769e-17,
        0.0018725406855349964,
        0.0012382174828877344,
        1.3908817426950492e-17,
        4.112426990372091e-05,
        1.1416548796240145e-17,
        6.974323566072643e-18,
        0.00244937838694206,
        6.267738061840863e-17,
        0.0031051275903913288,
        0.001330139634096596,
        1.9601033334136017e-17,
        -3.230416560878225e-17,
        0.015546891521830026,
        0.016862081880839968,
        -6.828413958099682e-18,
        0.021755269493449796,
        6.925934152967551e-18,
        2.4073470360385746e-17,
        0.008189118196767414
      ],
      [
        0.032453914721473257,
        2.1443036430353842e-18,
        1.3863568031296077e-17,
        0.016478172954942114,
        7.264532791583508e-18,
        0.02252206992608821,
        0.019054034140262046,
        6.6492162977903424e-18,
        -1.810494374010734e-17,
        -0.0010064538374092058,
        0.000716843077386006,
        -4.872285691411724e-18,
        0.0007854561468165315,
        -9.03146121344005e-18,
        -6.112190371607102e-18,
        0.0001315012638549725,
        -1.2075206406418738e-17,
        -0.000625877944927313,
