{
  "n": 5,
  "J": 1.0,
  "h": 0.5,
  "beta": 2.0,
  "calculated_result": {
    "n": 5,
    "J": 1.0,
    "h": 0.5,
    "beta": 2.0,
    "params": [
      -7.453459136703411,
      -7.490512594019786,
      -7.023593491101827,
      11.933854907184575,
      -8.481784287000579,
      2.0647616115467993,
      4.881881924161813,
      1.4760851019187762,
      7.71449266037356,
      -10.825654149868441,
      -2.2259852519159415,
      2.5116402949384073,
      6.756572562249725,
      6.991042603343163,
      10.987107362994394,
      -1.386944166350881,
      -4.9795587263998025,
      3.7733108791667704,
      6.369250193170081,
      2.954578717710693,
      4.7265203659044674,
      -3.053737827061329,
      3.9280265858154,
      4.487791005512807,
      8.02736242771613,
      3.26476424543597,
      10.170549632046143,
      3.420600993917354,
      -5.970892681873335,
      12.537038203446066,
      -3.1412739185923573,
      -3.5121935753018847,
      3.4483605036979914,
      -9.200199362075274,
      7.541097780841263,
      6.572868457655498,
      -3.643182785543932,
      5.605149804767545,
      -4.447791033199423,
      -7.235866843375606,
      4.4057228797962384,
      11.17052840669636,
      3.699398981849098,
      12.247018124768836,
      1.622293415030925,
      10.207847362943042,
      -0.767767501459924,
      11.949800715117107,
      9.785807497322928,
      0.22325550615230405,
      5.26948977207761,
      -3.8374660664835765,
      -1.4081216523491273,
      16.271357528569407,
      14.777155834324201,
      9.593757753221333,
      -7.319566148720987
    ],
    "cost": -4.8277120888778695,
    "energy": -4.2064372289737015,
    "entropy": 1.2425497198083355,
    "rho": [
      [
        0.07287104562304847,
        3.372391739834193e-17,
        -1.5615829428159266e-17,
        0.020918681530752506,
        1.3185538644080605e-17,
        0.02970671685187084,
        0.038453587027420806,
        2.5870467948119368e-17,
        2.7760565792530856e-17,
        0.030700981897226563,
        0.04281069167442492,
        -1.0288533436165738e-17,
        0.038767248008118836,
        2.094518653549567e-17,
        7.096783983600291e-17,
        0.014897127496474635,
        3.42613945763012e-17,
        0.03149531574026849,
        0.03577545795180696,
        -1.0590813611083539e-17,
        0.028193343247873665,
        3.095352640041516e-17,
        6.28898326797782e-17,
        0.01240523201005445,
        0.02922507007519794,
        2.40036019197974e-17,
        8.152843782866583e-18,
        0.012539444826914322,
        -1.0470585721150277e-17,
        0.018896473010315492,
        0.02283549803639522,
        1.0068638524681323e-17
      ],
      [
        3.372391739834193e-17,
        0.0528255097095629,
        0.026510067432762286,
        2.907460729744349e-18,
        0.027181664507831577,
        -1.3267401573551406e-17,
        -2.929053911526936e-17,
        0.017449012001390433,
        0.04705207548753001,
        -2.141276420797605e-17,
        -4.236001900698836e-17,
        0.03231121721933102,
        2.7635446543582377e-17,
        0.0455927808081384,
        0.03866274071176084,
        1.1349881506950275e-17,
        0.050187802517313376,
        -1.3725843556067783e-17,
        -1.6264512965649403e-17,
        0.029649351611776443,
        1.8549760737863495e-17,
        0.03550710570917677,
        0.03337965218299373,
        1.9050240983296253e-17,
        1.0759932365116407e-17,
        0.02241287275440409,
        0.01984243275494402,
        9.13029652890807e-18,
        0.022032198835581173,
        -1.4623597894758258e-17,
        -9.154988704288569e-18,
        0.01227165675076128
      ],
      [
        -1.5615829428159266e-17,
        0.026510067432762286,
        0.02073714253773197,
        -4.642453423294109e-18,
        0.02532099765024937,
        -1.0614915213691051e-17,
        -2.9051036996646367e-17,
        0.010960931982621026,
        0.028997326909276807,
        -8.080471674821649e-18,
        -2.87987158862225e-17,
        0.02368764558678196,
        -7.153938256628618e-18,
        0.028854783805682373,
        0.020552145973899223,
        -6.892048508588021e-18,
        0.026693076789958282,
        -1.0506477829491244e-17,
        -1.1315951942876318e-17,
        0.020386549056890912,
        -7.8443057358556065e-19,
        0.024481865786592772,
        0.017693155397446026,
        2.2559765404470735e-18,
        -8.14277888568133e-18,
        0.014855239835732536,
        0.014904723747283799,
        2.5056309125433703e-19,
        0.015854643942238168,
        -7.189720421326874e-18,
        -1.0536603373871338e-17,
        0.007142228297844545
      ],
      [
        0.020918681530752506,
        2.907460729744349e-18,
        -4.642453423294109e-18,
        0.017846526402656715,
        -5.786147930627324e-21,
        0.02356457897321447,
        0.017636123724414667,
        -3.5671692427440156e-18,
        1.0931355321873261e-17,
        0.020784157134692345,
        0.025676481703426,
        -2.0156633753283023e-17,
        0.021811676427889965,
        -1.0395177911522187e-17,
        1.826026593248736e-17,
        0.008079610241598827,
        1.2012338793442611e-17,
        0.016196455145673954,
        0.01806231058483832,
        -1.0563961230294716e-17,
        0.01789216332989777,
        -3.3774933654220606e-18,
        1.631243549204197e-17,
        0.0055668810130303295,
        0.012413887582708184,
        6.906323916487805e-18,
        -5.878960306423813e-18,
        0.008730724599731487,
        -3.098661080344283e-19,
        0.01274111217342672,
        0.008754449269740791,
        -8.6864906951063e-18
      ],
      [
        1.3185538644080605e-17,
        0.027181664507831577,
        0.02532099765024937,
        -5.786147930627324e-21,
        0.055137063742745095,
        7.236321813103306e-18,
        -9.979460906439202e-18,
        0.02189657625276346,
        0.04230649778443916,
        3.528734037041824e-17,
        6.491708046218678e-18,
        0.0461043715714285,
        -7.825735572213822e-18,
        0.045514021875952916,
        0.01887988409162884,
        -1.6587349710020594e-17,
        0.031248465775626025,
        2.911160646772563e-17,
        2.395551126889351e-17,
        0.03797163383897061,
        8.361168902472895e-18,
        0.04062728045500312,
        0.01708622465648446,
        5.169566560608722e-18,
        4.239285308733765e-18,
        0.024840928008098628,
        0.02302937308862244,
        2.1937946288666857e-18,
        0.025658428457218985,
        1.5418605244733706e-17,
        6.155717088694163e-18,
        0.013359417132008642
      ],
      [
        0.02970671685187084,
        -1.3267401573551406e-17,
        -1.0614915213691051e-17,
        0.02356457897321447,
        7.236321813103306e-18,
        0.039700721905579286,
        0.0266001877791909,
        -7.068166882675152e-18,
        7.984356840077714e-18,
        0.03272862599565163,
        0.041374748432848704,
        -2.879172969906658e-17,
        0.03338519803467291,
        -2.3093715349310785e-17,
        1.1740021085583012e-17,
        0.010301531604027496,
        4.098492919364783e-18,
        0.023669353787138015,
        0.030095015321995135,
        -1.5055556295239355e-17,
        0.027758973743548167,
        -1.1195535846781127e-17,
        1.0090147258916914e-17,
        0.0077761657570452345,
        0.018375836088669353,
        6.629112450629432e-18,
        -1.3244110733196395e-17,
        0.014369270453962768,
        4.118135822459172e-18,
        0.019465866515842818,
        0.014735408693414692,
        -1.4841133302001477e-17
      ],
      [
        0.038453587027420806,
        -2.929053911526936e-17,
        -2.9051036996646367e-17,
        0.017636123724414667,
        -9.979460906439202e-18,
        0.0266001877791909,
        0.028844623487158456,
        -5.5741384660118185e-18,
        -2.3216543470595058e-17,
        0.02462704734293096,
        0.03476341228349004,
        -4.0674746847609904e-17,
        0.029031285468958556,
        -3.4578771038390045e-17,
        2.2547730504573664e-18,
        0.009260236512312938,
        -2.395209669970367e-17,
        0.022553896276783277,
        0.026627711711980563,
        -3.158903965042453e-17,
        0.02232452396929699,
        -1.9921129533159014e-17,
        2.485742302093136e-18,
        0.006339343737284015,
        0.019566148759545866,
        -2.7668190678595898e-18,
        -1.5433152536433132e-17,
        0.009317661860349333,
        -1.6200193820687172e-17,
        0.015298438818696117,
        0.013958650399694883,
        -1.003455883541157e-17
      ],
      [
        2.5870467948119368e-17,
        0.017449012001390433,
        0.010960931982621026,
        -3.5671692427440156e-18,
        0.02189657625276346,
        -7.068166882675152e-18,
        -5.5741384660118185e-18,
        0.013065013819034086,
        0.021173022665082353,
        4.585600599209916e-18,
        -6.205671217975169e-18,
        0.021744498572026448,
        1.8883637529714694e-18,
        0.02195382388728287,
        0.010975860768441629,
        -2.9316195783713992e-18,
        0.017369602557878307,
        1.0377358977351913e-17,
        5.922572268175457e-18,
        0.01806180903626016,
        2.969750962209632e-18,
        0.01970143109162436,
        0.010058110418863836,
        5.918213873164248e-18,
        7.580788186236762e-18,
        0.012381821445090098,
        0.009902611961455605,
        -1.5144287527578932e-19,
        0.012225823264785926,
        7.418654446082795e-19,
        1.8019601142947336e-18,
        0.007475781858227442
      ],
      [
        2.7760565792530856e-17,
        0.04705207548753001,
        0.028997326909276807,
        1.0931355321873261e-17,
        0.04230649778443916,
        7.984356840077714e-18,
        -2.3216543470595058e-17,
        0.021173022665082353,
        0.05871417679324455,
        1.1767404011128591e-17,
        -1.9677199284876545e-17,
        0.04499130726503678,
        2.988232271367401e-17,
        0.05454954982288534,
        0.03986019664628628,
        1.6363960076514385e-18,
        0.05426666975286438,
        6.94898655986051e-18,
        4.5279994930030514e-18,
        0.038761315810354566,
        2.838072646576422e-17,
        0.04713406375662814,
        0.035450586268641386,
        1.922587723129124e-17,
        1.1616612225322544e-17,
        0.027986990064639485,
        0.02418825892953529,
        1.2485507754924319e-17,
        0.025925859362445652,
        3.6739874620076066e-18,
        -1.6982240361071859e-18,
        0.0131429165934926
      ],
      [
        0.030700981897226563,
        -2.141276420797605e-17,
        -8.080471674821649e-18,
        0.020784157134692345,
        3.528734037041824e-17,
        0.03272862599565163,
        0.02462704734293096,
        4.585600599209916e-18,
        1.1767404011128591e-17,
        0.0337064548950958,
        0.03927470662077237,
        -6.396618996985197e-18,
        0.03263873124394707,
        -4.8711278190002414e-18,
        4.103760011431784e-18,
        0.010617744311895182,
        -2.5504319047139936e-18,
        0.02383523932015074,
        0.029730768497198,
        3.7148420959244054e-19,
        0.027431097957510267,
        8.063126543871436e-18,
        6.229626665984461e-18,
        0.009385528522885793,
        0.016432281795885385,
        1.4367455269605487e-17,
        -3.4621458493402013e-18,
        0.012556224087710632,
        1.1457343778607378e-17,
        0.01706644518731352,
        0.014370381026400007,
        -7.744223861849877e-18
      ],
      [
        0.04281069167442492,
        -4.236001900698836e-17,
        -2.87987158862225e-17,
        0.025676481703426,
        6.491708046218678e-18,
        0.041374748432848704,
        0.03476341228349004,
        -6.205671217975169e-18,
        -1.9677199284876545e-17,
        0.03927470662077237,
        0.05363825172338476,
        -4.608991393250757e-17,
        0.042573848983054496,
        -4.3980000012644665e-17,
        -7.284713672424848e-18,
        0.013244238852248647,
        -2.8379675462565313e-17,
        0.03150551129001403,
        0.039432821430618506,
        -3.247814991776644e-17,
        0.03537242809227945,
        -2.4515677517735326e-17,
        -5.808496737773954e-18,
        0.009255284751000984,
        0.023610425534061397,
        1.289481909965544e-18,
        -2.0646905553844432e-17,
        0.014515766602387875,
        -8.523987499163192e-18,
        0.022197718740205236,
        0.018721724643238763,
        -1.678574160209e-17
      ],
      [
        -1.0288533436165738e-17,
        0.03231121721933102,
        0.02368764558678196,
        -2.0156633753283023e-17,
        0.0461043715714285,
        -2.879172969906658e-17,
        -4.0674746847609904e-17,
        0.021744498572026448,
        0.04499130726503678,
        -6.396618996985197e-18,
        -4.608991393250757e-17,
        0.04742149515479449,
        -3.163237157033046e-17,
        0.04839097498138236,
        0.02361409894323707,
        -2.1326519056313362e-17,
        0.03655305723572063,
        -2.396265742047789e-18,
        -1.5326005863640613e-17,
        0.039201774557351264,
        -1.747384021922445e-17,
        0.04275748312284723,
        0.021037134211643695,
        -3.0484093737236594e-20,
        -1.1204807756402576e-17,
        0.023869185798291847,
        0.021535958325478156,
        -7.308511927819863e-18,
        0.025986585538661594,
        -7.83139238354656e-18,
        -1.1552226670024303e-17,
        0.013477968663064391
      ],
      [
        0.038767248008118836,
        2.7635446543582377e-17,
        -7.153938256628618e-18,
        0.021811676427889965,
        -7.825735572213822e-18,
        0.03338519803467291,
        0.029031285468958556,
        1.8883637529714694e-18,
        2.988232271367401e-17,
        0.03263873124394707,
        0.042573848983054496,
        -3.163237157033046e-17,
        0.03804088821319066,
        -3.1076009725918917e-18,
        5.246744497469318e-17,
        0.012523778480695974,
        4.0138155860956484e-17,
        0.02746507525014892,
        0.03276494741417998,
        -1.7748166757750392e-17,
        0.028716021464565925,
        2.1833242542771274e-18,
        4.638568612225913e-17,
        0.00940591069728764,
        0.020562061800092294,
        1.5064716525068165e-17,
        -6.260519676516125e-18,
        0.012426063261544707,
        -5.479295514024399e-18,
        0.0184297399256044,
        0.01538145342145332,
        -8.635211057571324e-18
      ],
      [
        2.094518653549567e-17,
        0.0455927808081384,
        0.028854783805682373,
        -1.0395177911522187e-17,
        0.045514021875952916,
        -2.3093715349310785e-17,
        -3.4578771038390045e-17,
        0.02195382388728287,
        0.05454954982288534,
        -4.8711278190002414e-18,
        -4.3980000012644665e-17,
        0.04839097498138236,
        -3.1076009725918917e-18,
        0.05880936953623983,
        0.03658229617713516,
        -6.7053839275150834e-18,
        0.05090423366159447,
        -1.9067489278896422e-19,
        -1.0705751084006736e-17,
        0.04205116909904231,
        5.133593239271142e-19,
        0.04716161992289457,
        0.031792034270429724,
        1.1790003505296181e-17,
        2.011157152901187e-18,
        0.026604239233658046,
        0.025285712005714736,
        4.818463331040964e-19,
        0.028939833611356002,
        -8.534908735610296e-18,
        -8.592675183460227e-18,
        0.0151069106943329
      ],
      [
        7.096783983600291e-17,
        0.03866274071176084,
        0.020552145973899223,
        1.826026593248736e-17,
        0.01887988409162884,
        1.1740021085583012e-17,
        2.2547730504573664e-18,
        0.010975860768441629,
        0.03986019664628628,
        4.103760011431784e-18,
        -7.284713672424848e-18,
        0.02361409894323707,
        5.246744497469318e-17,
        0.03658229617713516,
        0.03554212929066599,
        2.0432571273350618e-17,
        0.042165339022980926,
        9.782967350335053e-18,
        9.645649481030316e-18,
        0.021900575848347398,
        3.571077106493968e-17,
        0.029016370035729495,
        0.030523022689457294,
        2.4909891563262725e-17,
        2.8264052718766475e-17,
        0.0168764962840437,
        0.01552230793251348,
        1.6700892953975392e-17,
        0.015148951967585799,
        2.302158476385589e-18,
        5.987127296689659e-18,
        0.007858937618081811
      ],
      [
        0.014897127496474635,
        1.1349881506950275e-17,
        -6.892048508588021e-18,
        0.008079610241598827,
        -1.6587349710020594e-17,
        0.010301531604027496,
        0.009260236512312938,
        -2.9316195783713992e-18,
        1.6363960076514385e-18,
        0.010617744311895182,
        0.013244238852248647,
        -2.1326519056313362e-17,
        0.012523778480695974,
        -6.7053839275150834e-18,
        2.0432571273350618e-17,
        0.008010197006216644,
        1.0973625421830431e-17,
        0.011311096082925744,
        0.009597281741089729,
        -1.541139912393503e-17,
        0.009391247136618269,
        -5.498285776888245e-18,
        1.6339517966520998e-17,
        0.004617584680701135,
        0.007711265101722575,
        9.639508016052744e-19,
        -5.1349752504280435e-18,
        0.0042819088773796655,
        -8.736793462461708e-18,
        0.005976258929314986,
        0.004096412711275699,
        -3.687592136592744e-18
      ],
      [
        3.42613945763012e-17,
        0.050187802517313376,
        0.026693076789958282,
        1.2012338793442611e-17,
        0.031248465775626025,
        4.098492919364783e-18,
        -2.395209669970367e-17,
        0.017369602557878307,
        0.05426666975286438,
        -2.5504319047139936e-18,
        -2.8379675462565313e-17,
        0.03655305723572063,
        4.0138155860956484e-17,
        0.05090423366159447,
        0.042165339022980926,
        1.0973625421830431e-17,
        0.0590975809706756,
        -3.802017876714362e-18,
        -6.2091884230739595e-18,
        0.03383397296149189,
        3.0333716732162503e-17,
        0.03970573961789974,
        0.03742869719877799,
        2.1677179471635138e-17,
        1.4890954609995893e-17,
        0.02298652625434342,
        0.02203883550983745,
        1.4964358816602915e-17,
        0.024462677220985125,
        -4.1613373651080406e-18,
        -5.37266029241646e-18,
        0.013220097739350909
      ],
      [
        0.03149531574026849,
        -1.3725843556067783e-17,
        -1.0506477829491244e-17,
        0.016196455145673954,
        2.911160646772563e-17,
        0.023669353787138015,
        0.022553896276783277,
        1.0377358977351913e-17,
        6.94898655986051e-18,
        0.02383523932015074,
        0.03150551129001403,
        -2.396265742047789e-18,
        0.02746507525014892,
        -1.9067489278896422e-19,
        9.782967350335053e-18,
        0.011311096082925744,
        -3.802017876714362e-18,
        0.024548113777241767,
        0.02372507611487492,
        -2.168847470024187e-18,
        0.020850681199617496,
        1.1041170487886829e-17,
        7.311559544552498e-18,
        0.007019901123008288,
        0.0167342334037328,
        1.3477644623887533e-17,
        -6.059249620110863e-20,
        0.008700450314715625,
        4.2873393920042775e-18,
        0.01385793911850978,
        0.011154839612547028,
        -3.2641439099069388e-19
      ],
      [
        0.03577545795180696,
        -1.6264512965649403e-17,
        -1.1315951942876318e-17,
        0.01806231058483832,
        2.395551126889351e-17,
        0.030095015321995135,
        0.026627711711980563,
        5.922572268175457e-18,
        4.5279994930030514e-18,
        0.029730768497198,
        0.039432821430618506,
        -1.5326005863640613e-17,
        0.03276494741417998,
        -1.0705751084006736e-17,
        9.645649481030316e-18,
        0.009597281741089729,
        -6.2091884230739595e-18,
        0.02372507611487492,
        0.03244442730854058,
        -9.883035720170788e-18,
        0.025935647629363467,
        2.637336151621828e-18,
        9.99225288193213e-18,
        0.008205390620240642,
        0.0184295411316718,
        1.24355809567362e-17,
        -5.22072111062298e-18,
        0.011220927492752351,
        2.436679142179478e-18,
        0.016590327441971194,
        0.015207812430375623,
        -6.590115028193983e-18
      ],
      [
        -1.0590813611083539e-17,
        0.029649351611776443,
        0.020386549056890912,
        -1.0563961230294716e-17,
        0.03797163383897061,
        -1.5055556295239355e-17,
        -3.158903965042453e-17,
        0.01806180903626016,
        0.038761315810354566,
        3.7148420959244054e-19,
        -3.247814991776644e-17,
        0.039201774557351264,
        -1.7748166757750392e-17,
        0.04205116909904231,
        0.021900575848347398,
        -1.541139912393503e-17,
        0.03383397296149189,
        -2.168847470024187e-18,
        -9.883035720170788e-18,
        0.03436395162509953,
        -7.289493270401086e-18,
        0.03645128024963887,
        0.01967253197468021,
        2.093198552943207e-18,
        -8.143434765457938e-18,
        0.02040903542491172,
        0.018753695334887476,
        -2.071891987900188e-18,
        0.02185655822879238,
        -3.829371684377855e-18,
        -8.331524632579717e-18,
        0.01201545837975817
      ],
      [
        0.028193343247873665,
        1.8549760737863495e-17,
        -7.8443057358556065e-19,
        0.01789216332989777,
        8.361168902472895e-18,
        0.027758973743548167,
        0.02232452396929699,
        2.969750962209632e-18,
        2.838072646576422e-17,
        0.027431097957510267,
        0.03537242809227945,
        -1.747384021922445e-17,
        0.028716021464565925,
        5.133593239271142e-19,
        3.571077106493968e-17,
        0.009391247136618269,
        3.0333716732162503e-17,
        0.020850681199617496,
        0.025935647629363467,
        -7.289493270401086e-18,
        0.02653714281500171,
        6.123979924383758e-18,
        3.2924054918728805e-17,
        0.00726334087655475,
        0.015413057592858442,
        1.650664674523904e-17,
        -2.065026713783248e-18,
        0.010427869914774415,
        3.841721594274822e-18,
        0.014859496838901073,
        0.0127405735142093,
        -7.001450186988548e-18
      ],
      [
        3.095352640041516e-17,
        0.03550710570917677,
        0.024481865786592772,
        -3.3774933654220606e-18,
        0.04062728045500312,
        -1.1195535846781127e-17,
        -1.9921129533159014e-17,
        0.01970143109162436,
        0.04713406375662814,
        8.063126543871436e-18,
        -2.4515677517735326e-17,
        0.04275748312284723,
        2.1833242542771274e-18,
        0.04716161992289457,
        0.029016370035729495,
        -5.498285776888245e-18,
        0.03970573961789974,
        1.1041170487886829e-17,
        2.637336151621828e-18,
        0.03645128024963887,
        6.123979924383758e-18,
        0.04410221648100572,
        0.026255927764878277,
        1.337694436547524e-17,
        6.4380968100615475e-18,
        0.02558216725454275,
        0.021790554546322637,
        2.532291907925774e-18,
        0.02372702337102135,
        -2.495666524098697e-19,
        -6.552287928812927e-19,
        0.011878478849459799
      ],
      [
        6.28898326797782e-17,
        0.03337965218299373,
        0.017693155397446026,
        1.631243549204197e-17,
        0.01708622465648446,
        1.0090147258916914e-17,
        2.485742302093136e-18,
        0.010058110418863836,
        0.035450586268641386,
        6.229626665984461e-18,
        -5.808496737773954e-18,
        0.021037134211643695,
        4.638568612225913e-17,
        0.031792034270429724,
        0.030523022689457294,
        1.6339517966520998e-17,
        0.03742869719877799,
        7.311559544552498e-18,
        9.99225288193213e-18,
        0.01967253197468021,
        3.2924054918728805e-17,
        0.026255927764878277,
        0.027641438718811664,
        2.3905670579089635e-17,
        2.3648390155441837e-17,
        0.01607863395075916,
        0.014291936872046294,
        1.5013481557590143e-17,
        0.013064380051828067,
        1.8332204394249754e-18,
        7.254288248744173e-18,
        0.006910420189510172
      ],
      [
        0.01240523201005445,
        1.9050240983296253e-17,
        2.2559765404470735e-18,
        0.0055668810130303295,
        5.169566560608722e-18,
        0.0077761657570452345,
        0.006339343737284015,
        5.918213873164248e-18,
        1.922587723129124e-17,
        0.009385528522885793,
        0.009255284751000984,
        -3.0484093737236594e-20,
        0.00940591069728764,
        1.1790003505296181e-17,
        2.4909891563262725e-17,
        0.004617584680701135,
        2.1677179471635138e-17,
        0.007019901123008288,
        0.008205390620240642,
        2.093198552943207e-18,
        0.00726334087655475,
        1.337694436547524e-17,
        2.3905670579089635e-17,
        0.006576755836653561,
        0.0051908488756857545,
        1.2498693251904107e-17,
        4.616848567335083e-18,
        0.0039569618106880654,
        5.84021852687791e-19,
        0.004379946472531157,
        0.004547596742855958,
        1.0156385910557216e-18
      ],
      [
        0.02922507007519794,
        1.0759932365116407e-17,
        -8.14277888568133e-18,
        0.012413887582708184,
        4.239285308733765e-18,
        0.018375836088669353,
        0.019566148759545866,
        7.580788186236762e-18,
        1.1616612225322544e-17,
        0.016432281795885385,
        0.023610425534061397,
        -1.1204807756402576e-17,
        0.020562061800092294,
        2.011157152901187e-18,
        2.8264052718766475e-17,
        0.007711265101722575,
        1.4890954609995893e-17,
        0.0167342334037328,
        0.0184295411316718,
        -8.143434765457938e-18,
        0.015413057592858442,
        6.4380968100615475e-18,
        2.3648390155441837e-17,
        0.0051908488756857545,
        0.017096268008210076,
        1.0274542085894009e-17,
        -3.5798007817413193e-19,
        0.006831429745322428,
        -4.369507506011235e-18,
        0.010739534248189202,
        0.009026451662329994,
        1.2249484911613574e-18
      ],
      [
        2.40036019197974e-17,
        0.02241287275440409,
        0.014855239835732536,
        6.906323916487805e-18,
        0.024840928008098628,
        6.629112450629432e-18,
        -2.7668190678595898e-18,
        0.012381821445090098,
        0.027986990064639485,
        1.4367455269605487e-17,
        1.289481909965544e-18,
        0.023869185798291847,
        1.5064716525068165e-17,
        0.026604239233658046,
        0.0168764962840437,
        9.639508016052744e-19,
        0.02298652625434342,
        1.3477644623887533e-17,
        1.24355809567362e-17,
        0.02040903542491172,
        1.650664674523904e-17,
        0.02558216725454275,
        0.01607863395075916,
        1.2498693251904107e-17,
        1.0274542085894009e-17,
        0.018939616320698197,
        0.013783397448133597,
        6.6621477574432335e-18,
        0.012012958255765952,
        6.258334923466901e-18,
        3.2759064274120536e-18,
        0.006749029443912499
      ],
      [
        8.152843782866583e-18,
        0.01984243275494402,
        0.014904723747283799,
        -5.878960306423813e-18,
        0.02302937308862244,
        -1.3244110733196395e-17,
        -1.5433152536433132e-17,
        0.009902611961455605,
        0.02418825892953529,
        -3.4621458493402013e-18,
        -2.0646905553844432e-17,
        0.021535958325478156,
        -6.260519676516125e-18,
        0.025285712005714736,
        0.01552230793251348,
        -5.1349752504280435e-18,
        0.02203883550983745,
        -6.059249620110863e-20,
        -5.22072111062298e-18,
        0.018753695334887476,
        -2.065026713783248e-18,
        0.021790554546322637,
        0.014291936872046294,
        4.616848567335083e-18,
        -3.5798007817413193e-19,
        0.013783397448133597,
        0.014059266439302758,
        -1.6714971555959557e-18,
        0.01300741152816998,
        -3.6691982389062886e-18,
        -4.187436998442326e-18,
        0.006594241264083358
      ],
      [
        0.012539444826914322,
        9.13029652890807e-18,
        2.5056309125433703e-19,
        0.008730724599731487,
        2.1937946288666857e-18,
        0.014369270453962768,
        0.009317661860349333,
        -1.5144287527578932e-19,
        1.2485507754924319e-17,
        0.012556224087710632,
        0.014515766602387875,
        -7.308511927819863e-18,
        0.012426063261544707,
        4.818463331040964e-19,
        1.6700892953975392e-17,
        0.0042819088773796655,
        1.4964358816602915e-17,
        0.008700450314715625,
        0.011220927492752351,
        -2.071891987900188e-18,
        0.010427869914774415,
        2.532291907925774e-18,
        1.5013481557590143e-17,
        0.0039569618106880654,
        0.006831429745322428,
        6.6621477574432335e-18,
        -1.6714971555959557e-18,
        0.0075689526037785145,
        2.8282063344426177e-18,
        0.007129468660613283,
        0.006358113729683733,
        -3.589300287460793e-18
      ],
      [
        -1.0470585721150277e-17,
        0.022032198835581173,
        0.015854643942238168,
        -3.098661080344283e-19,
        0.025658428457218985,
        4.118135822459172e-18,
        -1.6200193820687172e-17,
        0.012225823264785926,
        0.025925859362445652,
        1.1457343778607378e-17,
        -8.523987499163192e-18,
        0.025986585538661594,
        -5.479295514024399e-18,
        0.028939833611356002,
        0.015148951967585799,
        -8.736793462461708e-18,
        0.024462677220985125,
        4.2873393920042775e-18,
        2.436679142179478e-18,
        0.02185655822879238,
        3.841721594274822e-18,
        0.02372702337102135,
        0.013064380051828067,
        5.84021852687791e-19,
        -4.369507506011235e-18,
        0.012012958255765952,
        0.01300741152816998,
        2.8282063344426177e-18,
        0.021976887272253658,
        2.6180983993269193e-18,
        -2.9036168325537364e-18,
        0.008582963079550839
      ],
      [
        0.018896473010315492,
        -1.4623597894758258e-17,
        -7.189720421326874e-18,
        0.01274111217342672,
        1.5418605244733706e-17,
        0.019465866515842818,
        0.015298438818696117,
        7.418654446082795e-19,
        3.6739874620076066e-18,
        0.01706644518731352,
        0.022197718740205236,
        -7.83139238354656e-18,
        0.0184297399256044,
        -8.534908735610296e-18,
        2.302158476385589e-18,
        0.005976258929314986,
        -4.1613373651080406e-18,
        0.01385793911850978,
        0.016590327441971194,
        -3.829371684377855e-18,
        0.014859496838901073,
        -2.495666524098697e-19,
        1.8332204394249754e-18,
        0.004379946472531157,
        0.010739534248189202,
        6.258334923466901e-18,
        -3.6691982389062886e-18,
        0.007129468660613283,
        2.6180983993269193e-18,
        0.01284058525220895,
        0.008085170232453528,
        -5.881205680145329e-18
      ],
      [
        0.02283549803639522,
        -9.154988704288569e-18,
        -1.0536603373871338e-17,
        0.008754449269740791,
        6.155717088694163e-18,
        0.014735408693414692,
        0.013958650399694883,
        1.8019601142947336e-18,
        -1.6982240361071859e-18,
        0.014370381026400007,
        0.018721724643238763,
        -1.1552226670024303e-17,
        0.01538145342145332,
        -8.592675183460227e-18,
        5.987127296689659e-18,
        0.004096412711275699,
        -5.37266029241646e-18,
        0.011154839612547028,
        0.015207812430375623,
        -8.331524632579717e-18,
        0.0127405735142093,
        -6.552287928812927e-19,
        7.254288248744173e-18,
        0.004547596742855958,
        0.009026451662329994,
        3.2759064274120536e-18,
        -4.187436998442326e-18,
        0.006358113729683733,
        -2.9036168325537364e-18,
        0.008085170232453528,
        0.011468555589510153,
        -2.8080152646204444e-18
      ],
      [
        1.0068638524681323e-17,
        0.01227165675076128,
        0.007142228297844545,
        -8.6864906951063e-18,
        0.013359417132008642,
        -1.4841133302001477e-17,
        -1.003455883541157e-17,
        0.007475781858227442,
        0.0131429165934926,
        -7.744223861849877e-18,
        -1.678574160209e-17,
        0.013477968663064391,
        -8.635211057571324e-18,
        0.0151069106943329,
        0.007858937618081811,
        -3.687592136592744e-18,
        0.013220097739350909,
        -3.2641439099069388e-19,
        -6.590115028193983e-18,
        0.01201545837975817,
        -7.001450186988548e-18,
        0.011878478849459799,
        0.006910420189510172,
        1.0156385910557216e-18,
        1.2249484911613574e-18,
        0.006749029443912499,
        0.006594241264083358,
        -3.589300287460793e-18,
        0.008582963079550839,
        -5.881205680145329e-18,
        -2.8080152646204444e-18,
        0.005827631140656863
      ]
    ],
    "noiseless_rho": [
      [
        0.07287104562304847,
        3.372391739834193e-17,
        -1.5615829428159266e-17,
        0.020918681530752506,
        1.3185538644080605e-17,
        0.02970671685187084,
        0.038453587027420806,
        2.5870467948119368e-17,
        2.7760565792530856e-17,
        0.030700981897226563,
        0.04281069167442492,
        -1.0288533436165738e-17,
        0.038767248008118836,
        2.094518653549567e-17,
        7.096783983600291e-17,
        0.014897127496474635,
        3.42613945763012e-17,
        0.03149531574026849,
        0.03577545795180696,
        -1.0590813611083539e-17,
        0.028193343247873665,
        3.095352640041516e-17,
        6.28898326797782e-17,
        0.01240523201005445,
        0.02922507007519794,
        2.40036019197974e-17,
        8.152843782866583e-18,
        0.012539444826914322,
        -1.0470585721150277e-17,
        0.018896473010315492,
        0.02283549803639522,
        1.0068638524681323e-17
      ],
      [
        3.372391739834193e-17,
        0.0528255097095629,
        0.026510067432762286,
        2.907460729744349e-18,
        0.027181664507831577,
        -1.3267401573551406e-17,
        -2.929053911526936e-17,
        0.017449012001390433,
        0.04705207548753001,
        -2.141276420797605e-17,
        -4.236001900698836e-17,
        0.03231121721933102,
        2.7635446543582377e-17,
        0.0455927808081384,
        0.03866274071176084,
        1.1349881506950275e-17,
        0.050187802517313376,
        -1.3725843556067783e-17,
        -1.6264512965649403e-17,
        0.029649351611776443,
        1.8549760737863495e-17,
        0.03550710570917677,
        0.03337965218299373,
        1.9050240983296253e-17,
        1.0759932365116407e-17,
        0.02241287275440409,
        0.01984243275494402,
        9.13029652890807e-18,
        0.022032198835581173,
        -1.4623597894758258e-17,
        -9.154988704288569e-18,
        0.01227165675076128
      ],
      [
        -1.5615829428159266e-17,
        0.026510067432762286,
        0.02073714253773197,
        -4.642453423294109e-18,
        0.02532099765024937,
        -1.0614915213691051e-17,
        -2.9051036996646367e-17,
        0.010960931982621026,
        0.028997326909276807,
        -8.080471674821649e-18,
        -2.87987158862225e-17,
        0.02368764558678196,
        -7.153938256628618e-18,
        0.028854783805682373,
        0.020552145973899223,
        -6.892048508588021e-18,
        0.026693076789958282,
        -1.0506477829491244e-17,
        -1.1315951942876318e-17,
        0.020386549056890912,
        -7.8443057358556065e-19,
        0.024481865786592772,
        0.017693155397446026,
        2.2559765404470735e-18,
        -8.14277888568133e-18,
        0.014855239835732536,
        0.014904723747283799,
        2.5056309125433703e-19,
        0.015854643942238168,
        -7.189720421326874e-18,
        -1.0536603373871338e-17,
        0.007142228297844545
      ],
      [
        0.020918681530752506,
        2.907460729744349e-18,
        -4.642453423294109e-18,
        0.017846526402656715,
        -5.786147930627324e-21,
        0.02356457897321447,
        0.017636123724414667,
        -3.5671692427440156e-18,
        1.0931355321873261e-17,
        0.020784157134692345,
        0.025676481703426,
        -2.0156633753283023e-17,
        0.021811676427889965,
        -1.0395177911522187e-17,
        1.826026593248736e-17,
        0.008079610241598827,
        1.2012338793442611e-17,
        0.016196455145673954,
        0.01806231058483832,
        -1.0563961230294716e-17,
        0.01789216332989777,
        -3.3774933654220606e-18,
        1.631243549204197e-17,
        0.0055668810130303295,
        0.012413887582708184,
        6.906323916487805e-18,
        -5.878960306423813e-18,
        0.008730724599731487,
        -3.098661080344283e-19,
        0.01274111217342672,
        0.008754449269740791,
        -8.6864906951063e-18
      ],
      [
        1.3185538644080605e-17,
        0.027181664507831577,
        0.02532099765024937,
        -5.786147930627324e-21,
        0.055137063742745095,
        7.236321813103306e-18,
        -9.979460906439202e-18,
        0.02189657625276346,
        0.04230649778443916,
        3.528734037041824e-17,
        6.491708046218678e-18,
        0.0461043715714285,
        -7.825735572213822e-18,
        0.045514021875952916,
        0.01887988409162884,
        -1.6587349710020594e-17,
        0.031248465775626025,
        2.911160646772563e-17,
        2.395551126889351e-17,
        0.03797163383897061,
        8.361168902472895e-18,
        0.04062728045500312,
        0.01708622465648446,
        5.169566560608722e-18,
        4.239285308733765e-18,
        0.024840928008098628,
        0.02302937308862244,
        2.1937946288666857e-18,
        0.025658428457218985,
        1.5418605244733706e-17,
        6.155717088694163e-18,
        0.013359417132008642
      ],
      [
        0.02970671685187084,
        -1.3267401573551406e-17,
        -1.0614915213691051e-17,
        0.02356457897321447,
        7.236321813103306e-18,
        0.039700721905579286,
        0.0266001877791909,
        -7.068166882675152e-18,
        7.984356840077714e-18,
        0.03272862599565163,
        0.041374748432848704,
        -2.879172969906658e-17,
        0.03338519803467291,
        -2.3093715349310785e-17,
        1.1740021085583012e-17,
        0.010301531604027496,
        4.098492919364783e-18,
        0.023669353787138015,
        0.030095015321995135,
        -1.5055556295239355e-17,
        0.027758973743548167,
        -1.1195535846781127e-17,
        1.0090147258916914e-17,
        0.0077761657570452345,
        0.018375836088669353,
        6.629112450629432e-18,
        -1.3244110733196395e-17,
        0.014369270453962768,
        4.118135822459172e-18,
        0.019465866515842818,
        0.014735408693414692,
        -1.4841133302001477e-17
      ],
      [
        0.038453587027420806,
        -2.929053911526936e-17,
        -2.9051036996646367e-17,
        0.017636123724414667,
        -9.979460906439202e-18,
        0.0266001877791909,
        0.028844623487158456,
