{
  "n": 3,
  "J": 1.0,
  "h": 0.5,
  "beta": 0.5,
  "calculated_result": {
    "n": 3,
    "J": 1.0,
    "h": 0.5,
    "beta": 0.5,
    "params": [
      2.737167151284979,
      2.4607889400724035,
      4.797253083478648,
      4.707271502854275,
      3.319430244034991,
      3.010802648961349,
      1.5905083968157743,
      2.1575357258312753,
      2.9754992080929124,
      4.38507355131404,
      4.319507983202117,
      2.409483556423041,
      2.457292538661962,
      5.720038200359789,
      2.3252915055271974,
      3.8334026922984323,
      2.7740928788802357,
      2.8093809151505185,
      4.793706023122956,
      1.889054402529072,
      4.371311543454163,
      1.959983309534071,
      3.6958404383749377,
      3.224549130610986
    ],
    "cost": -4.517697558107711,
    "energy": -1.193359375,
    "entropy": 1.6621690915538556,
    "rho": [
      [
        0.28125,
        -0.00634765625,
        0.00439453125,
        0.0712890625,
        0.0009765625,
        0.03515625,
        0.08935546875,
        -0.009521484375
      ],
      [
        -0.00634765625,
        0.087890625,
        0.0361328125,
        -0.00048828125,
        0.072265625,
        -0.00830078125,
        0.002685546875,
        0.04248046875
      ],
      [
        0.00439453125,
        0.0361328125,
        0.20703125,
        -0.00634765625,
        0.10693359375,
        0.005126953125,
        -0.01953125,
        0.00732421875
      ],
      [
        0.0712890625,
        -0.00048828125,
        -0.00634765625,
        0.0791015625,
        0.003662109375,
        0.02392578125,
        -0.00244140625,
        0.00048828125
      ],
      [
        0.0009765625,
        0.072265625,
        0.10693359375,
        0.003662109375,
        0.1328125,
        0.00244140625,
        -0.00146484375,
        0.04296875
      ],
      [
        0.03515625,
        -0.00830078125,
        0.005126953125,
        0.02392578125,
        0.00244140625,
        0.0517578125,
        0.013671875,
        0.00732421875
      ],
      [
        0.08935546875,
        0.002685546875,
        -0.01953125,
        -0.00244140625,
        -0.00146484375,
        0.013671875,
        0.11328125,
        0.00146484375
      ],
      [
        -0.009521484375,
        0.04248046875,
        0.00732421875,
        0.00048828125,
        0.04296875,
        0.00732421875,
        0.00146484375,
        0.046875
      ]
    ],
    "noiseless_rho": [
      [
        0.2705465216986489,
        7.97339063053059e-18,
        -4.430184061777096e-18,
        0.09286686767399012,
        -1.623697684939476e-17,
        0.03222840860683861,
        0.07018522061816627,
        -2.6130348722052338e-17
      ],
      [
        7.97339063053059e-18,
        0.1387653882645365,
        0.08383786743228078,
        3.65715571974356e-18,
        0.06485661234240374,
        2.0383652622073994e-17,
        -4.453582097158068e-18,
        0.044255967204766385
      ],
      [
        -4.430184061777096e-18,
        0.08383786743228078,
        0.21050770305156294,
        -2.873837348204935e-17,
        0.03632699911827578,
        3.3564484015316877e-17,
        -4.609157450547206e-17,
        0.008646525726826676
      ],
      [
        0.09286686767399012,
        3.65715571974356e-18,
        -2.873837348204935e-17,
        0.10719855563957044,
        -2.8499434608793916e-17,
        0.01830803396157993,
        -0.001853154631580478,
        2.1066496997551136e-18
      ],
      [
        -1.623697684939476e-17,
        0.06485661234240374,
        0.03632699911827578,
        -2.8499434608793916e-17,
        0.09373678226183668,
        6.0995018016109975e-18,
        9.118891341365616e-19,
        0.04014922219004708
      ],
      [
        0.03222840860683861,
        2.0383652622073994e-17,
        3.3564484015316877e-17,
        0.01830803396157993,
        6.0995018016109975e-18,
        0.042027537589362375,
        0.031189026263587563,
        -1.106272710079505e-17
      ],
      [
        0.07018522061816627,
        -4.453582097158068e-18,
        -4.609157450547206e-17,
        -0.001853154631580478,
        9.118891341365616e-19,
        0.031189026263587563,
        0.07978536065988341,
        -2.1324757658882245e-17
      ],
      [
        -2.6130348722052338e-17,
        0.044255967204766385,
        0.008646525726826676,
        2.1066496997551136e-18,
        0.04014922219004708,
        -1.106272710079505e-17,
        -2.1324757658882245e-17,
        0.057432150834598975
      ]
    ],
    "sigma": [
      0.3435691550925926,
      0.03616898148148148,
      0.3000217013888889,
      0.05031105324074074,
      0.12876157407407407,
      0.013816550925925927,
      0.09772858796296297,
      0.029622395833333332
    ],
    "noiseless_sigma": [
      0.33551171598694,
      0.13165882104931478,
      0.30368946412641684,
      0.09949099061706308,
      0.035970329780782975,
      0.014414574797304673,
      0.050140694186157325,
      0.02912340945602048
    ],
    "eigenvalues": [
      0.013816550925925927,
      0.029622395833333332,
      0.03616898148148148,
      0.05031105324074074,
      0.09772858796296297,
      0.12876157407407407,
      0.3000217013888889,
      0.3435691550925926
    ],
    "noiseless_eigenvalues": [
      0.014414574797304673,
      0.02912340945602048,
      0.035970329780782975,
      0.050140694186157325,
      0.09949099061706308,
      0.13165882104931478,
      0.30368946412641684,
      0.33551171598694
    ],
    "hamiltonian_eigenvalues": [
      -2.380963832680512,
      -2.109896620149237,
      -0.4181118625922995,
      0.13342474805956517,
      1.4613634012529673,
      2.1214092271355787,
      2.5207516173937146,
      4.046078567886703
    ],
    "noiseless_hamiltonian_eigenvalues": [
      -2.333500753696436,
      -2.134198359615028,
      -0.46261477512425486,
      0.09767881285100355,
      1.4681471246734166,
      2.132424148090581,
      2.554728400971471,
      3.961333333023262
    ]
  },
  "exact_result": {
    "hamiltonian_matrix": [
      [
        [
          -1.5,
          0.0
        ],
        [
          0.0,
          0.0
        ],
        [
          0.0,
          0.0
        ],
        [
          -1.0,
          0.0
        ],
        [
          0.0,
          0.0
        ],
        [
          -1.0,
          0.0
        ],
        [
          -1.0,
          0.0
        ],
        [
          0.0,
          0.0
        ]
      ],
      [
        [
          0.0,
          0.0
        ],
        [
          -0.5,
          0.0
        ],
        [
          -1.0,
          0.0
        ],
        [
          0.0,
          0.0
        ],
        [
          -1.0,
          0.0
        ],
        [
          0.0,
          0.0
        ],
        [
          0.0,
          0.0
        ],
        [
          -1.0,
          0.0
        ]
      ],
      [
        [
          0.0,
          0.0
        ],
        [
          -1.0,
          0.0
        ],
        [
          -0.5,
          0.0
        ],
        [
          0.0,
          0.0
        ],
        [
          -1.0,
          0.0
        ],
        [
          0.0,
          0.0
        ],
        [
          0.0,
          0.0
        ],
        [
          -1.0,
          0.0
        ]
      ],
      [
        [
          -1.0,
          0.0
        ],
        [
          0.0,
          0.0
        ],
        [
          0.0,
          0.0
        ],
        [
          0.5,
          0.0
        ],
        [
          0.0,
          0.0
        ],
        [
          -1.0,
          0.0
        ],
        [
          -1.0,
          0.0
        ],
        [
          0.0,
          0.0
        ]
      ],
      [
        [
          0.0,
          0.0
        ],
        [
          -1.0,
          0.0
        ],
        [
          -1.0,
          0.0
        ],
        [
          0.0,
          0.0
        ],
        [
          -0.5,
          0.0
        ],
        [
          0.0,
          0.0
        ],
        [
          0.0,
          0.0
        ],
        [
          -1.0,
          0.0
        ]
      ],
      [
        [
          -1.0,
          0.0
        ],
        [
          0.0,
          0.0
        ],
        [
          0.0,
          0.0
        ],
        [
          -1.0,
          0.0
        ],
        [
          0.0,
          0.0
        ],
        [
          0.5,
          0.0
        ],
        [
          -1.0,
          0.0
        ],
        [
          0.0,
          0.0
        ]
      ],
      [
        [
          -1.0,
          0.0
        ],
        [
          0.0,
          0.0
        ],
        [
          0.0,
          0.0
        ],
        [
          -1.0,
          0.0
        ],
        [
          0.0,
          0.0
        ],
        [
          -1.0,
          0.0
        ],
        [
          0.5,
          0.0
        ],
        [
          0.0,
          0.0
        ]
      ],
      [
        [
          0.0,
          0.0
        ],
        [
          -1.0,
          0.0
        ],
        [
          -1.0,
          0.0
        ],
        [
          0.0,
          0.0
        ],
        [
          -1.0,
          0.0
        ],
        [
          0.0,
          0.0
        ],
        [
          0.0,
          0.0
        ],
        [
          1.5,
          0.0
        ]
      ]
    ],
    "gibbs_state": [
      [
        0.2179624432860289,
        0.0,
        0.0,
        0.08800656379519124,
        0.0,
        0.08800656379519124,
        0.08800656379519124,
        0.0
      ],
      [
        0.0,
        0.14305295815947078,
        0.08573908753359022,
        0.0,
        0.08573908753359022,
        0.0,
        0.0,
        0.06228503344998025
      ],
      [
        0.0,
        0.08573908753359022,
        0.1430529581594708,
        0.0,
        0.08573908753359022,
        0.0,
        0.0,
        0.06228503344998025
      ],
      [
        0.08800656379519124,
        0.0,
        0.0,
        0.09582922760294287,
        0.0,
        0.06106660784154301,
        0.06106660784154301,
        0.0
      ],
      [
        0.0,
        0.08573908753359022,
        0.0857390875335902,
        0.0,
        0.14305295815947078,
        0.0,
        0.0,
        0.06228503344998025
      ],
      [
        0.08800656379519121,
        0.0,
        0.0,
        0.06106660784154301,
        0.0,
        0.09582922760294287,
        0.06106660784154301,
        0.0
      ],
      [
        0.08800656379519121,
        0.0,
        0.0,
        0.06106660784154301,
        0.0,
        0.06106660784154301,
        0.09582922760294287,
        0.0
      ],
      [
        0.0,
        0.06228503344998026,
        0.06228503344998025,
        0.0,
        0.06228503344998025,
        0.0,
        0.0,
        0.06539099942673021
      ]
    ],
    "energy": -2.0822765173455684,
    "entropy": 1.5680743556232413,
    "cost": -5.218425228592051,
    "eigenvalues": [
      0.025170357416703572,
      0.03476261976139984,
      0.03476261976139987,
      0.05731387062588048,
      0.05731387062588061,
      0.06553060339320603,
      0.35475177523667767,
      0.3703942831788518
    ],
    "hamiltonian_eigenvalues": [
      -3.2320508075688767,
      -3.1457513110645894,
      0.23205080756887697,
      0.5000000000000002,
      0.5000000000000003,
      1.4999999999999993,
      1.4999999999999998,
      2.14575131106459
    ]
  },
  "metrics": {
    "exact_purity": 0.27695519291630377,
    "calculated_fidelity": 0.9070203747024018,
    "calculated_trace_distance": 0.11257013920775474,
    "calculated_relative_entropy": 0.2112455086667347,
    "calculated_purity": 0.24626970291137695,
    "noiseless_fidelity": 0.9190698944093522,
    "noiseless_trace_distance": 0.09110800032992586,
    "noiseless_relative_entropy": 0.17698859165285574,
    "noiseless_purity": 0.2326741235543054
  }
}
