{
  "n": 4,
  "J": 1.0,
  "h": 0.5,
  "beta": 1e-08,
  "calculated_result": {
    "n": 4,
    "J": 1.0,
    "h": 0.5,
    "beta": 1e-08,
    "params": [
      0.916289865280701,
      3.4973607896268355,
      5.300640749247432,
      3.107872909254671,
      4.91141179315793,
      3.3141351211009136,
      2.613012562968354,
      2.619605301375958,
      0.6250520163174103,
      1.5245319370362829,
      2.8315283199918175,
      4.0334527467953105,
      3.832309423012738,
      8.90810933722405,
      2.8803419741868375,
      -0.03837806105668308,
      1.0887571628183994,
      7.560969098531416,
      3.317379390965576,
      2.0323417053270707,
      6.645558192995335,
      0.18145905327727357,
      4.859606704420205,
      0.8493550795031142,
      4.1095701804211755,
      1.1069041659330061,
      -1.7909832086900819,
      -0.35331879545643474,
      6.968357419568839,
      6.394951296875309,
      0.9063438640013537,
      3.909464444923404,
      3.4271580344786656,
      -2.0011060757435297
    ],
    "cost": -277102491.8635555,
    "energy": -0.019247110690586065,
    "entropy": 2.7710249184430835,
    "rho": [
      [
        0.06004717651696704,
        1.483009963626317e-17,
        2.166301464556524e-18,
        0.00084954416833058,
        1.0996758724375073e-17,
        -0.0010931127745860071,
        0.0004137430148926477,
        4.1336176745455294e-18,
        -1.0801222796605459e-17,
        -0.0007610554968448242,
        -0.0003892844811587829,
        2.6107232530733098e-18,
        0.00026056180018023444,
        -3.360285353659987e-18,
        1.3816505900024564e-17,
        0.00014982639813433934
      ],
      [
        1.483009963626317e-17,
        0.06368320256482615,
        0.0006091337133980648,
        1.6470536356193495e-17,
        -0.0006886925622844272,
        -1.788783832237412e-18,
        -6.809942346011236e-18,
        0.0013830838537270415,
        0.0006844809640401705,
        4.294104642854798e-18,
        1.0552589532594718e-18,
        -0.0005982362360156476,
        -1.1034932435523383e-17,
        0.00040348347638822016,
        0.00031349875468251716,
        -1.3621134415094981e-17
      ],
      [
        2.166301464556524e-18,
        0.0006091337133980648,
        0.06543495044028484,
        5.0033300690968315e-18,
        0.001468920945231762,
        -8.132772958679473e-18,
        -3.1821639793704666e-18,
        0.00044693295972582413,
        0.00026759706760731065,
        2.2192403772156813e-18,
        -1.4206867966564123e-17,
        -0.00024828327788720963,
        3.7138252370320356e-20,
        -0.00017819877880952085,
        -3.3476176765276627e-06,
        1.2509246589015748e-17
      ],
      [
        0.00084954416833058,
        1.6470536356193495e-17,
        5.0033300690968315e-18,
        0.06140979142528872,
        8.125148930129908e-18,
        0.00037359558023597906,
        -0.0005771613346951009,
        5.64814348239857e-18,
        -3.2443099021879387e-18,
        -4.422809728768908e-05,
        0.0006690648914052331,
        -1.2723450670123361e-17,
        -0.0003668947449197253,
        2.7916316018296803e-18,
        2.665262312052923e-18,
        -0.00018841898442289898
      ],
      [
        1.0996758724375073e-17,
        -0.0006886925622844272,
        0.001468920945231762,
        8.125148930129908e-18,
        0.06063379757311025,
        -1.335563800015828e-17,
        9.822923993632795e-18,
        0.0009310953574213938,
        -0.0004576997985911795,
        -1.4605154699878915e-17,
        -3.0498875948087265e-18,
        -0.0005540575024185145,
        -3.986197221805069e-18,
        0.0007332337627558253,
        0.0012881905506257445,
        -2.5642551859567017e-17
      ],
      [
        -0.0010931127745860071,
        -1.788783832237412e-18,
        -8.132772958679473e-18,
        0.00037359558023597906,
        -1.335563800015828e-17,
        0.06259189026125689,
        -0.000657576447749935,
        6.542839456364903e-18,
        -2.276876569917785e-18,
        -8.272012312086864e-05,
        -0.0005910539465936869,
        9.475370493593264e-18,
        0.0006605799602176811,
        -7.152258148447628e-18,
        -4.885899962343948e-18,
        -0.0005006091941217221
      ],
      [
        0.0004137430148926477,
        -6.809942346011236e-18,
        -3.1821639793704666e-18,
        -0.0005771613346951009,
        9.822923993632795e-18,
        -0.000657576447749935,
        0.0632711455800754,
        -7.14874697788298e-18,
        -3.8364549479628497e-19,
        0.0003820247970660103,
        0.00017237917058635804,
        -1.219457819659048e-17,
        0.00022840400264699263,
        7.796323087082778e-18,
        2.210569997331229e-17,
        0.00036930472272970897
      ],
      [
        4.1336176745455294e-18,
        0.0013830838537270415,
        0.00044693295972582413,
        5.64814348239857e-18,
        0.0009310953574213938,
        6.542839456364903e-18,
        -7.14874697788298e-18,
        0.0647826777701408,
        0.0004578201815141638,
        7.934656661504193e-18,
        9.116095074708161e-19,
        -0.00026674426981564755,
        1.9216877245319937e-18,
        -0.0008825625347161849,
        0.001605698059766127,
        9.37391372434325e-18
      ],
      [
        -1.0801222796605459e-17,
        0.0006844809640401705,
        0.00026759706760731065,
        -3.2443099021879387e-18,
        -0.0004576997985911795,
        -2.276876569917785e-18,
        -3.8364549479628497e-19,
        0.0004578201815141638,
        0.06014273281083466,
        -1.8241432685725897e-18,
        -1.5335120808732663e-17,
        0.0014738609501329142,
        1.117753906409908e-17,
        -0.0012016423961742871,
        9.049105143869689e-05,
        1.1315859281947613e-17
      ],
      [
        -0.0007610554968448242,
        4.294104642854798e-18,
        2.2192403772156813e-18,
        -4.422809728768908e-05,
        -1.4605154699878915e-17,
        -8.272012312086864e-05,
        0.0003820247970660103,
        7.934656661504193e-18,
        -1.8241432685725897e-18,
        0.06061316779285318,
        0.0006638553529280736,
        1.0265222730452885e-18,
        0.0002863112086281599,
        1.1039781960252299e-17,
        3.752779226917261e-18,
        9.68216716192797e-06
      ],
      [
        -0.0003892844811587829,
        1.0552589532594718e-18,
        -1.4206867966564123e-17,
        0.0006690648914052331,
        -3.0498875948087265e-18,
        -0.0005910539465936869,
        0.00017237917058635804,
        9.116095074708161e-19,
        -1.5335120808732663e-17,
        0.0006638553529280736,
        0.06166589120006692,
        -1.3599605033956674e-17,
        -0.0002603458670791623,
        -1.3635348528356874e-18,
        5.813398278867422e-18,
        -0.00029749940394895773
      ],
      [
        2.6107232530733098e-18,
        -0.0005982362360156476,
        -0.00024828327788720963,
        -1.2723450670123361e-17,
        -0.0005540575024185145,
        9.475370493593264e-18,
        -1.219457819659048e-17,
        -0.00026674426981564755,
        0.0014738609501329142,
        1.0265222730452885e-18,
        -1.3599605033956674e-17,
        0.06432353582848951,
        -8.358171386168048e-19,
        0.001230455823227108,
        0.00035535471777510194,
        -6.707428436373049e-18
      ],
      [
        0.00026056180018023444,
        -1.1034932435523383e-17,
        3.7138252370320356e-20,
        -0.0003668947449197253,
        -3.986197221805069e-18,
        0.0006605799602176811,
        0.00022840400264699263,
        1.9216877245319937e-18,
        1.117753906409908e-17,
        0.0002863112086281599,
        -0.0002603458670791623,
        -8.358171386168048e-19,
        0.06415521011309291,
        1.943603496011269e-17,
        -6.5286513955346235e-18,
        -0.0004146663111009377
      ],
      [
        -3.360285353659987e-18,
        0.00040348347638822016,
        -0.00017819877880952085,
        2.7916316018296803e-18,
        0.0007332337627558253,
        -7.152258148447628e-18,
        7.796323087082778e-18,
        -0.0008825625347161849,
        -0.0012016423961742871,
        1.1039781960252299e-17,
        -1.3635348528356874e-18,
        0.001230455823227108,
        1.943603496011269e-17,
        0.06244783714872289,
        0.002698185475266509,
        6.807626680819818e-18
      ],
      [
        1.3816505900024564e-17,
        0.00031349875468251716,
        -3.3476176765276627e-06,
        2.665262312052923e-18,
        0.0012881905506257445,
        -4.885899962343948e-18,
        2.210569997331229e-17,
        0.001605698059766127,
        9.049105143869689e-05,
        3.752779226917261e-18,
        5.813398278867422e-18,
        0.00035535471777510194,
        -6.5286513955346235e-18,
        0.002698185475266509,
        0.06157895882858205,
        1.2690222286849649e-17
      ],
      [
        0.00014982639813433934,
        -1.3621134415094981e-17,
        1.2509246589015748e-17,
        -0.00018841898442289898,
        -2.5642551859567017e-17,
        -0.0005006091941217221,
        0.00036930472272970897,
        9.37391372434325e-18,
        1.1315859281947613e-17,
        9.68216716192797e-06,
        -0.00029749940394895773,
        -6.707428436373049e-18,
        -0.0004146663111009377,
        6.807626680819818e-18,
        1.2690222286849649e-17,
        0.0632180341454074
      ]
    ],
    "noiseless_rho": [
      [
        0.06004717651696704,
        1.483009963626317e-17,
        2.166301464556524e-18,
        0.00084954416833058,
        1.0996758724375073e-17,
        -0.0010931127745860071,
        0.0004137430148926477,
        4.1336176745455294e-18,
        -1.0801222796605459e-17,
        -0.0007610554968448242,
        -0.0003892844811587829,
        2.6107232530733098e-18,
        0.00026056180018023444,
        -3.360285353659987e-18,
        1.3816505900024564e-17,
        0.00014982639813433934
      ],
      [
        1.483009963626317e-17,
        0.06368320256482615,
        0.0006091337133980648,
        1.6470536356193495e-17,
        -0.0006886925622844272,
        -1.788783832237412e-18,
        -6.809942346011236e-18,
        0.0013830838537270415,
        0.0006844809640401705,
        4.294104642854798e-18,
        1.0552589532594718e-18,
        -0.0005982362360156476,
        -1.1034932435523383e-17,
        0.00040348347638822016,
        0.00031349875468251716,
        -1.3621134415094981e-17
      ],
      [
        2.166301464556524e-18,
        0.0006091337133980648,
        0.06543495044028484,
        5.0033300690968315e-18,
        0.001468920945231762,
        -8.132772958679473e-18,
        -3.1821639793704666e-18,
        0.00044693295972582413,
        0.00026759706760731065,
        2.2192403772156813e-18,
        -1.4206867966564123e-17,
        -0.00024828327788720963,
        3.7138252370320356e-20,
        -0.00017819877880952085,
        -3.3476176765276627e-06,
        1.2509246589015748e-17
      ],
      [
        0.00084954416833058,
        1.6470536356193495e-17,
        5.0033300690968315e-18,
        0.06140979142528872,
        8.125148930129908e-18,
        0.00037359558023597906,
        -0.0005771613346951009,
        5.64814348239857e-18,
        -3.2443099021879387e-18,
        -4.422809728768908e-05,
        0.0006690648914052331,
        -1.2723450670123361e-17,
        -0.0003668947449197253,
        2.7916316018296803e-18,
        2.665262312052923e-18,
        -0.00018841898442289898
      ],
      [
        1.0996758724375073e-17,
        -0.0006886925622844272,
        0.001468920945231762,
        8.125148930129908e-18,
        0.06063379757311025,
        -1.335563800015828e-17,
        9.822923993632795e-18,
        0.0009310953574213938,
        -0.0004576997985911795,
        -1.4605154699878915e-17,
        -3.0498875948087265e-18,
        -0.0005540575024185145,
        -3.986197221805069e-18,
        0.0007332337627558253,
        0.0012881905506257445,
        -2.5642551859567017e-17
      ],
      [
        -0.0010931127745860071,
        -1.788783832237412e-18,
        -8.132772958679473e-18,
        0.00037359558023597906,
        -1.335563800015828e-17,
        0.06259189026125689,
        -0.000657576447749935,
        6.542839456364903e-18,
        -2.276876569917785e-18,
        -8.272012312086864e-05,
        -0.0005910539465936869,
        9.475370493593264e-18,
        0.0006605799602176811,
        -7.152258148447628e-18,
        -4.885899962343948e-18,
        -0.0005006091941217221
      ],
      [
        0.0004137430148926477,
        -6.809942346011236e-18,
        -3.1821639793704666e-18,
        -0.0005771613346951009,
        9.822923993632795e-18,
        -0.000657576447749935,
        0.0632711455800754,
        -7.14874697788298e-18,
        -3.8364549479628497e-19,
        0.0003820247970660103,
        0.00017237917058635804,
        -1.219457819659048e-17,
        0.00022840400264699263,
        7.796323087082778e-18,
        2.210569997331229e-17,
        0.00036930472272970897
      ],
      [
        4.1336176745455294e-18,
        0.0013830838537270415,
        0.00044693295972582413,
        5.64814348239857e-18,
        0.0009310953574213938,
        6.542839456364903e-18,
        -7.14874697788298e-18,
        0.0647826777701408,
        0.0004578201815141638,
        7.934656661504193e-18,
        9.116095074708161e-19,
        -0.00026674426981564755,
        1.9216877245319937e-18,
        -0.0008825625347161849,
        0.001605698059766127,
        9.37391372434325e-18
      ],
      [
        -1.0801222796605459e-17,
        0.0006844809640401705,
        0.00026759706760731065,
        -3.2443099021879387e-18,
        -0.0004576997985911795,
        -2.276876569917785e-18,
        -3.8364549479628497e-19,
        0.0004578201815141638,
        0.06014273281083466,
        -1.8241432685725897e-18,
        -1.5335120808732663e-17,
        0.0014738609501329142,
        1.117753906409908e-17,
        -0.0012016423961742871,
        9.049105143869689e-05,
        1.1315859281947613e-17
      ],
      [
        -0.0007610554968448242,
        4.294104642854798e-18,
        2.2192403772156813e-18,
        -4.422809728768908e-05,
        -1.4605154699878915e-17,
        -8.272012312086864e-05,
        0.0003820247970660103,
        7.934656661504193e-18,
        -1.8241432685725897e-18,
        0.06061316779285318,
        0.0006638553529280736,
        1.0265222730452885e-18,
        0.0002863112086281599,
        1.1039781960252299e-17,
        3.752779226917261e-18,
        9.68216716192797e-06
      ],
      [
        -0.0003892844811587829,
        1.0552589532594718e-18,
        -1.4206867966564123e-17,
        0.0006690648914052331,
        -3.0498875948087265e-18,
        -0.0005910539465936869,
        0.00017237917058635804,
        9.116095074708161e-19,
        -1.5335120808732663e-17,
        0.0006638553529280736,
        0.06166589120006692,
        -1.3599605033956674e-17,
        -0.0002603458670791623,
        -1.3635348528356874e-18,
        5.813398278867422e-18,
        -0.00029749940394895773
      ],
      [
        2.6107232530733098e-18,
        -0.0005982362360156476,
        -0.00024828327788720963,
        -1.2723450670123361e-17,
        -0.0005540575024185145,
        9.475370493593264e-18,
        -1.219457819659048e-17,
        -0.00026674426981564755,
        0.0014738609501329142,
        1.0265222730452885e-18,
        -1.3599605033956674e-17,
        0.06432353582848951,
        -8.358171386168048e-19,
        0.001230455823227108,
        0.00035535471777510194,
        -6.707428436373049e-18
      ],
      [
        0.00026056180018023444,
        -1.1034932435523383e-17,
        3.7138252370320356e-20,
        -0.0003668947449197253,
        -3.986197221805069e-18,
        0.0006605799602176811,
        0.00022840400264699263,
        1.9216877245319937e-18,
        1.117753906409908e-17,
        0.0002863112086281599,
        -0.0002603458670791623,
        -8.358171386168048e-19,
        0.06415521011309291,
        1.943603496011269e-17,
        -6.5286513955346235e-18,
        -0.0004146663111009377
      ],
      [
        -3.360285353659987e-18,
        0.00040348347638822016,
        -0.00017819877880952085,
        2.7916316018296803e-18,
        0.0007332337627558253,
        -7.152258148447628e-18,
        7.796323087082778e-18,
        -0.0008825625347161849,
        -0.0012016423961742871,
        1.1039781960252299e-17,
        -1.3635348528356874e-18,
        0.001230455823227108,
        1.943603496011269e-17,
        0.06244783714872289,
        0.002698185475266509,
        6.807626680819818e-18
      ],
      [
        1.3816505900024564e-17,
        0.00031349875468251716,
        -3.3476176765276627e-06,
        2.665262312052923e-18,
        0.0012881905506257445,
        -4.885899962343948e-18,
        2.210569997331229e-17,
        0.001605698059766127,
        9.049105143869689e-05,
        3.752779226917261e-18,
        5.813398278867422e-18,
        0.00035535471777510194,
        -6.5286513955346235e-18,
        0.002698185475266509,
        0.06157895882858205,
        1.2690222286849649e-17
      ],
      [
        0.00014982639813433934,
        -1.3621134415094981e-17,
        1.2509246589015748e-17,
        -0.00018841898442289898,
        -2.5642551859567017e-17,
        -0.0005006091941217221,
        0.00036930472272970897,
        9.37391372434325e-18,
        1.1315859281947613e-17,
        9.68216716192797e-06,
        -0.00029749940394895773,
        -6.707428436373049e-18,
        -0.0004146663111009377,
        6.807626680819818e-18,
        1.2690222286849649e-17,
        0.0632180341454074
      ]
    ],
    "sigma": [
      0.061364942394013515,
      0.06528706503288113,
      0.06843344366236759,
      0.06225809342902033,
      0.06273653255527187,
      0.055673174432996214,
      0.061967889678254756,
      0.058621186682367404,
      0.06654730272949441,
      0.06599677282376396,
      0.06214850304621235,
      0.058870516254797556,
      0.06237501412494323,
      0.057043266766439324,
      0.06548837928137187,
      0.0651879171058041
    ],
    "noiseless_sigma": [
      0.061364942394013515,
      0.06528706503288113,
      0.06843344366236759,
      0.06225809342902033,
      0.06273653255527187,
      0.055673174432996214,
      0.061967889678254756,
      0.058621186682367404,
      0.06654730272949441,
      0.06599677282376396,
      0.06214850304621235,
      0.058870516254797556,
      0.06237501412494323,
      0.057043266766439324,
      0.06548837928137187,
      0.0651879171058041
    ],
    "eigenvalues": [
      0.055673174432996214,
      0.057043266766439324,
      0.058621186682367404,
      0.058870516254797556,
      0.061364942394013515,
      0.061967889678254756,
      0.06214850304621235,
      0.06225809342902033,
      0.06237501412494323,
      0.06273653255527187,
      0.0651879171058041,
      0.06528706503288113,
      0.06548837928137187,
      0.06599677282376396,
      0.06654730272949441,
      0.06843344366236759
    ],
    "noiseless_eigenvalues": [
      0.055673174432996214,
      0.057043266766439324,
      0.058621186682367404,
      0.058870516254797556,
      0.061364942394013515,
      0.061967889678254756,
      0.06214850304621235,
      0.06225809342902033,
      0.06237501412494323,
      0.06273653255527187,
      0.0651879171058041,
      0.06528706503288113,
      0.06548837928137187,
      0.06599677282376396,
      0.06654730272949441,
      0.06843344366236759
    ],
    "hamiltonian_eigenvalues": [
      -8913128.722079486,
      -6118265.368811905,
      -5287548.387472808,
      -4514235.100304902,
      -4206357.10598278,
      -4054377.0948938727,
      -221357.39978897572,
      356557.98229295015,
      544181.8528951406,
      720362.8822940588,
      1011401.7877624035,
      1989165.9040914774,
      6138996.794113338,
      6563418.162548423,
      9292031.43791008,
      11723193.744894028
    ],
    "noiseless_hamiltonian_eigenvalues": [
      -8913128.722079486,
      -6118265.368811905,
      -5287548.387472808,
      -4514235.100304902,
      -4206357.10598278,
      -4054377.0948938727,
      -221357.39978897572,
      356557.98229295015,
      544181.8528951406,
      720362.8822940588,
      1011401.7877624035,
      1989165.9040914774,
      6138996.794113338,
      6563418.162548423,
      9292031.43791008,
      11723193.744894028
    ]
  },
  "exact_result": {
    "hamiltonian_matrix": [
      [
        [
          -2.0,
          0.0
        ],
        [
          0.0,
          0.0
        ],
        [
          0.0,
          0.0
        ],
        [
          -1.0,
          0.0
        ],
        [
          0.0,
          0.0
        ],
        [
          0.0,
          0.0
        ],
        [
          -1.0,
          0.0
        ],
        [
          0.0,
          0.0
        ],
        [
          0.0,
          0.0
        ],
        [
          -1.0,
          0.0
        ],
        [
          0.0,
          0.0
        ],
        [
          0.0,
          0.0
        ],
        [
          -1.0,
          0.0
        ],
        [
          0.0,
          0.0
        ],
        [
          0.0,
          0.0
        ],
        [
          0.0,
          0.0
        ]
      ],
      [
        [
          0.0,
          0.0
        ],
        [
          -1.0,
          0.0
        ],
        [
          -1.0,
          0.0
        ],
        [
          0.0,
          0.0
        ],
        [
          0.0,
          0.0
        ],
        [
          0.0,
          0.0
        ],
        [
          0.0,
          0.0
        ],
        [
          -1.0,
          0.0
        ],
        [
          -1.0,
          0.0
        ],
        [
          0.0,
          0.0
        ],
        [
          0.0,
          0.0
        ],
        [
          0.0,
          0.0
        ],
        [
          0.0,
          0.0
        ],
        [
          -1.0,
          0.0
        ],
        [
          0.0,
          0.0
        ],
        [
          0.0,
          0.0
        ]
      ],
      [
        [
          0.0,
          0.0
        ],
        [
          -1.0,
          0.0
        ],
        [
          -1.0,
          0.0
        ],
        [
          0.0,
          0.0
        ],
        [
          -1.0,
          0.0
        ],
        [
          0.0,
          0.0
        ],
        [
          0.0,
          0.0
        ],
        [
          0.0,
          0.0
        ],
        [
          0.0,
          0.0
        ],
        [
          0.0,
          0.0
        ],
        [
          0.0,
          0.0
        ],
        [
          -1.0,
          0.0
        ],
        [
          0.0,
          0.0
        ],
        [
          0.0,
          0.0
        ],
        [
          -1.0,
          0.0
        ],
        [
          0.0,
          0.0
        ]
      ],
      [
        [
          -1.0,
          0.0
        ],
        [
          0.0,
          0.0
        ],
        [
          0.0,
          0.0
        ],
        [
          0.0,
          0.0
        ],
        [
          0.0,
          0.0
        ],
        [
          -1.0,
          0.0
        ],
        [
          0.0,
          0.0
        ],
        [
          0.0,
          0.0
        ],
        [
          0.0,
          0.0
        ],
        [
          0.0,
          0.0
        ],
        [
          -1.0,
          0.0
        ],
        [
          0.0,
          0.0
        ],
        [
          0.0,
          0.0
        ],
        [
          0.0,
          0.0
        ],
        [
          0.0,
          0.0
        ],
        [
          -1.0,
          0.0
        ]
      ],
      [
        [
          0.0,
          0.0
        ],
        [
          0.0,
          0.0
        ],
        [
          -1.0,
          0.0
        ],
        [
          0.0,
          0.0
        ],
        [
          -1.0,
          0.0
        ],
        [
          0.0,
          0.0
        ],
        [
          0.0,
          0.0
        ],
        [
          -1.0,
          0.0
        ],
        [
          -1.0,
          0.0
        ],
        [
          0.0,
          0.0
        ],
        [
          0.0,
          0.0
        ],
        [
          0.0,
          0.0
        ],
        [
          0.0,
          0.0
        ],
        [
          -1.0,
          0.0
        ],
        [
          0.0,
          0.0
        ],
        [
          0.0,
          0.0
        ]
      ],
      [
        [
          0.0,
          0.0
        ],
        [
          0.0,
          0.0
        ],
        [
          0.0,
          0.0
        ],
        [
          -1.0,
          0.0
        ],
        [
          0.0,
          0.0
        ],
        [
          0.0,
          0.0
        ],
        [
          -1.0,
          0.0
        ],
        [
          0.0,
          0.0
        ],
        [
          0.0,
          0.0
        ],
        [
          -1.0,
          0.0
        ],
        [
          0.0,
          0.0
        ],
        [
          0.0,
          0.0
        ],
        [
          -1.0,
          0.0
        ],
        [
          0.0,
          0.0
        ],
        [
          0.0,
          0.0
        ],
        [
          0.0,
          0.0
        ]
      ],
      [
        [
          -1.0,
          0.0
        ],
        [
          0.0,
          0.0
        ],
        [
          0.0,
          0.0
        ],
        [
          0.0,
          0.0
        ],
        [
          0.0,
          0.0
        ],
        [
          -1.0,
          0.0
        ],
        [
          0.0,
          0.0
        ],
        [
          0.0,
          0.0
        ],
        [
          0.0,
          0.0
        ],
        [
          0.0,
          0.0
        ],
        [
          -1.0,
          0.0
        ],
        [
          0.0,
          0.0
        ],
        [
          0.0,
          0.0
        ],
        [
          0.0,
          0.0
        ],
        [
          0.0,
          0.0
        ],
        [
          -1.0,
          0.0
        ]
      ],
      [
        [
          0.0,
          0.0
        ],
        [
          -1.0,
          0.0
        ],
        [
          0.0,
          0.0
        ],
        [
          0.0,
          0.0
        ],
        [
          -1.0,
          0.0
        ],
        [
          0.0,
          0.0
        ],
        [
          0.0,
          0.0
        ],
        [
          1.0,
          0.0
        ],
        [
          0.0,
          0.0
        ],
        [
          0.0,
          0.0
        ],
        [
          0.0,
          0.0
        ],
        [
          -1.0,
          0.0
        ],
        [
          0.0,
          0.0
        ],
        [
          0.0,
          0.0
        ],
        [
          -1.0,
          0.0
        ],
        [
          0.0,
          0.0
        ]
      ],
      [
        [
          0.0,
          0.0
        ],
        [
          -1.0,
          0.0
        ],
        [
          0.0,
          0.0
        ],
        [
          0.0,
          0.0
        ],
        [
          -1.0,
          0.0
        ],
        [
          0.0,
          0.0
        ],
        [
          0.0,
          0.0
        ],
        [
          0.0,
          0.0
        ],
        [
          -1.0,
          0.0
        ],
        [
          0.0,
          0.0
        ],
        [
          0.0,
          0.0
        ],
        [
          -1.0,
          0.0
        ],
        [
          0.0,
          0.0
        ],
        [
          0.0,
          0.0
        ],
        [
          -1.0,
          0.0
        ],
        [
          0.0,
          0.0
        ]
      ],
      [
        [
          -1.0,
          0.0
        ],
        [
          0.0,
          0.0
        ],
        [
          0.0,
          0.0
        ],
        [
          0.0,
          0.0
        ],
        [
          0.0,
          0.0
        ],
        [
          -1.0,
          0.0
        ],
        [
          0.0,
          0.0
        ],
        [
          0.0,
          0.0
        ],
        [
          0.0,
          0.0
        ],
        [
          0.0,
          0.0
        ],
        [
          -1.0,
          0.0
        ],
        [
          0.0,
          0.0
        ],
        [
          0.0,
          0.0
        ],
        [
          0.0,
          0.0
        ],
        [
          0.0,
          0.0
        ],
        [
          -1.0,
          0.0
        ]
      ],
      [
        [
          0.0,
          0.0
        ],
        [
          0.0,
          0.0
        ],
        [
          0.0,
          0.0
        ],
        [
          -1.0,
          0.0
        ],
        [
          0.0,
          0.0
        ],
        [
          0.0,
          0.0
        ],
        [
          -1.0,
          0.0
        ],
        [
          0.0,
          0.0
        ],
        [
          0.0,
          0.0
        ],
        [
          -1.0,
          0.0
        ],
        [
          0.0,
          0.0
        ],
        [
          0.0,
          0.0
        ],
        [
          -1.0,
          0.0
        ],
        [
          0.0,
          0.0
        ],
        [
          0.0,
          0.0
        ],
        [
          0.0,
          0.0
        ]
      ],
      [
        [
          0.0,
          0.0
        ],
        [
          0.0,
          0.0
        ],
        [
          -1.0,
          0.0
        ],
        [
          0.0,
          0.0
        ],
        [
          0.0,
          0.0
        ],
        [
          0.0,
          0.0
        ],
        [
          0.0,
          0.0
        ],
        [
          -1.0,
          0.0
        ],
        [
          -1.0,
          0.0
        ],
        [
          0.0,
          0.0
        ],
        [
          0.0,
          0.0
        ],
        [
          1.0,
          0.0
        ],
        [
          0.0,
          0.0
        ],
        [
          -1.0,
          0.0
        ],
        [
          0.0,
          0.0
        ],
        [
          0.0,
          0.0
        ]
      ],
      [
        [
          -1.0,
          0.0
        ],
        [
          0.0,
          0.0
        ],
        [
          0.0,
          0.0
        ],
        [
          0.0,
          0.0
        ],
        [
          0.0,
          0.0
        ],
        [
          -1.0,
          0.0
        ],
        [
          0.0,
          0.0
        ],
        [
          0.0,
          0.0
        ],
        [
          0.0,
          0.0
        ],
        [
          0.0,
          0.0
        ],
        [
          -1.0,
          0.0
        ],
        [
          0.0,
          0.0
        ],
        [
          0.0,
          0.0
        ],
        [
          0.0,
          0.0
        ],
        [
          0.0,
          0.0
        ],
        [
          -1.0,
          0.0
        ]
      ],
      [
        [
          0.0,
          0.0
        ],
        [
          -1.0,
          0.0
        ],
        [
          0.0,
          0.0
        ],
        [
          0.0,
          0.0
        ],
        [
          -1.0,
          0.0
        ],
        [
          0.0,
          0.0
        ],
        [
          0.0,
          0.0
        ],
        [
          0.0,
          0.0
        ],
        [
          0.0,
          0.0
        ],
        [
          0.0,
          0.0
        ],
        [
          0.0,
          0.0
        ],
        [
          -1.0,
          0.0
        ],
        [
          0.0,
          0.0
        ],
        [
          1.0,
          0.0
        ],
        [
          -1.0,
          0.0
        ],
        [
          0.0,
          0.0
        ]
      ],
      [
        [
          0.0,
          0.0
        ],
        [
          0.0,
          0.0
        ],
        [
          -1.0,
          0.0
        ],
        [
          0.0,
          0.0
        ],
        [
          0.0,
          0.0
        ],
        [
          0.0,
          0.0
        ],
        [
          0.0,
          0.0
        ],
        [
          -1.0,
          0.0
        ],
        [
          -1.0,
          0.0
        ],
        [
          0.0,
          0.0
        ],
        [
          0.0,
          0.0
        ],
        [
          0.0,
          0.0
        ],
        [
          0.0,
          0.0
        ],
        [
          -1.0,
          0.0
        ],
        [
          1.0,
          0.0
        ],
        [
          0.0,
          0.0
        ]
      ],
      [
        [
          0.0,
          0.0
        ],
        [
          0.0,
          0.0
        ],
        [
          0.0,
          0.0
        ],
        [
          -1.0,
          0.0
        ],
        [
          0.0,
          0.0
        ],
        [
          0.0,
          0.0
        ],
        [
          -1.0,
          0.0
        ],
        [
          0.0,
          0.0
        ],
        [
          0.0,
          0.0
        ],
        [
          -1.0,
          0.0
        ],
        [
          0.0,
          0.0
        ],
        [
          0.0,
          0.0
        ],
        [
          -1.0,
          0.0
        ],
        [
          0.0,
          0.0
        ],
        [
          0.0,
          0.0
        ],
        [
          2.0,
          0.0
        ]
      ]
    ],
    "gibbs_state": [
      [
        0.06250000124999999,
        0.0,
        0.0,
        6.2500000625e-10,
        0.0,
        1.250000008333333e-17,
        6.2500000625e-10,
        0.0,
        0.0,
        6.2500000625e-10,
        1.250000008333333e-17,
        0.0,
        6.2500000625e-10,
        0.0,
        0.0,
        1.2499999999999995e-17
      ],
      [
        0.0,
        0.06250000062499998,
        6.2500000625e-10,
        0.0,
        1.2500000083333328e-17,
        0.0,
        0.0,
        6.25e-10,
        6.2500000625e-10,
        0.0,
        0.0,
        1.2499999999999995e-17,
        0.0,
        6.25e-10,
        1.2499999999999995e-17,
        0.0
      ],
      [
        0.0,
        6.2500000625e-10,
        0.06250000062499998,
        0.0,
        6.250000062499999e-10,
        0.0,
        0.0,
        1.2499999999999995e-17,
        1.2500000083333326e-17,
        0.0,
        0.0,
        6.249999999999999e-10,
        0.0,
        1.2499999999999995e-17,
        6.249999999999999e-10,
        0.0
      ],
      [
        6.2500000625e-10,
        0.0,
        0.0,
        0.062499999999999986,
        0.0,
        6.25e-10,
        1.2499999999999995e-17,
        0.0,
        0.0,
        1.2499999999999995e-17,
        6.25e-10,
        0.0,
        1.2499999999999995e-17,
        0.0,
        0.0,
        6.2499999375e-10
      ],
      [
        0.0,
        1.2500000083333328e-17,
        6.2500000625e-10,
        0.0,
        0.06250000062499998,
        0.0,
        0.0,
        6.249999999999999e-10,
        6.250000062499999e-10,
        0.0,
        0.0,
        1.2499999999999994e-17,
        0.0,
        6.249999999999999e-10,
        1.2499999999999994e-17,
        0.0
      ],
      [
        1.2500000083333329e-17,
        0.0,
        0.0,
        6.25e-10,
        0.0,
        0.062499999999999986,
        6.25e-10,
        0.0,
        0.0,
        6.25e-10,
        1.2499999999999997e-17,
        0.0,
        6.25e-10,
        0.0,
        0.0,
        1.2499999916666663e-17
      ],
      [
        6.250000062499999e-10,
        0.0,
        0.0,
        1.2499999999999992e-17,
        0.0,
        6.249999999999999e-10,
        0.062499999999999986,
        0.0,
        0.0,
        1.2499999999999992e-17,
        6.249999999999999e-10,
        0.0,
        1.2499999999999992e-17,
        0.0,
        0.0,
        6.249999937499999e-10
      ],
      [
        0.0,
        6.249999999999998e-10,
        1.2499999999999994e-17,
        0.0,
        6.249999999999998e-10,
        0.0,
        0.0,
        0.06249999937499999,
        1.2499999999999992e-17,
        0.0,
        0.0,
        6.249999937499998e-10,
        0.0,
        1.249999991666666e-17,
        6.249999937499998e-10,
        0.0
      ],
      [
        0.0,
        6.250000062499999e-10,
        1.2500000083333326e-17,
        0.0,
        6.250000062499999e-10,
        0.0,
        0.0,
        1.2499999999999992e-17,
        0.06250000062499998,
        0.0,
        0.0,
        6.249999999999998e-10,
        0.0,
        1.2499999999999992e-17,
        6.249999999999998e-10,
        0.0
      ],
      [
        6.250000062499999e-10,
        0.0,
        0.0,
        1.2499999999999992e-17,
        0.0,
        6.249999999999999e-10,
        1.2499999999999992e-17,
        0.0,
        0.0,
        0.062499999999999986,
        6.249999999999999e-10,
        0.0,
        1.2499999999999992e-17,
        0.0,
        0.0,
        6.249999937499999e-10
      ],
      [
        1.2500000083333328e-17,
        0.0,
        0.0,
        6.249999999999998e-10,
        0.0,
        1.2499999999999994e-17,
        6.249999999999998e-10,
        0.0,
        0.0,
        6.249999999999998e-10,
        0.062499999999999986,
        0.0,
        6.249999999999998e-10,
        0.0,
        0.0,
        1.2499999916666663e-17
      ],
      [
        0.0,
        1.2499999999999992e-17,
        6.249999999999997e-10,
        0.0,
        1.2499999999999992e-17,
        0.0,
        0.0,
        6.249999937499998e-10,
        6.249999999999997e-10,
        0.0,
        0.0,
        0.06249999937499999,
        0.0,
        6.249999937499997e-10,
        1.249999991666666e-17,
        0.0
      ],
      [
        6.250000062499998e-10,
        0.0,
        0.0,
        1.2499999999999992e-17,
        0.0,
        6.249999999999998e-10,
        1.2499999999999992e-17,
        0.0,
        0.0,
        1.2499999999999992e-17,
        6.249999999999998e-10,
        0.0,
        0.062499999999999986,
        0.0,
        0.0,
        6.249999937499998e-10
      ],
      [
        0.0,
        6.249999999999997e-10,
        1.2499999999999992e-17,
        0.0,
        6.249999999999997e-10,
        0.0,
        0.0,
        1.2499999916666658e-17,
        1.2499999999999992e-17,
        0.0,
        0.0,
        6.249999937499999e-10,
        0.0,
        0.06249999937499999,
        6.249999937499997e-10,
        0.0
      ],
      [
        0.0,
        1.249999999999999e-17,
        6.249999999999996e-10,
        0.0,
        1.249999999999999e-17,
        0.0,
        0.0,
        6.249999937499997e-10,
        6.249999999999996e-10,
        0.0,
        0.0,
        1.249999991666666e-17,
        0.0,
        6.249999937499998e-10,
        0.06249999937499999,
        0.0
      ],
      [
        1.2499999999999992e-17,
        0.0,
        0.0,
        6.249999937499997e-10,
        0.0,
        1.2499999916666661e-17,
        6.249999937499997e-10,
        0.0,
        0.0,
        6.249999937499997e-10,
        1.2499999916666661e-17,
        0.0,
        6.249999937499997e-10,
        0.0,
        0.0,
        0.06249999875
      ]
    ],
    "energy": -4.9999999862659905e-08,
    "entropy": 2.77258872223978,
    "cost": -277258872.22397804,
    "eigenvalues": [
      0.06249999733027601,
      0.06249999735245752,
      0.06249999917230817,
      0.062499999374999955,
      0.062499999375,
      0.06249999985245746,
      0.06249999999999988,
      0.06249999999999991,
      0.06249999999999997,
      0.06249999999999999,
