{
  "n": 4,
  "J": 1.0,
  "h": 0.5,
  "beta": 0.2,
  "calculated_result": {
    "n": 4,
    "J": 1.0,
    "h": 0.5,
    "beta": 0.2,
    "params": [
      -3.75868361179384,
      14.106587880509133,
      3.0597003991759966,
      13.515661206791274,
      -5.625671731624095,
      1.4594035014645246,
      12.662766971809274,
      14.97595287312541,
      4.1919415955921515,
      -0.6418151674014877,
      10.306078242858652,
      5.544602838227888,
      -0.7982849643174242,
      5.394497686177559,
      5.676204557264242,
      -6.269477054361442,
      2.8329956656186708,
      -3.983684150303773,
      1.5272773483345685,
      -4.1733209871664645,
      3.231011334173852,
      -4.521143749355565,
      -1.5216262305584007,
      -1.9251497985482018,
      2.4030164320368996,
      2.580116911876874,
      4.373461374867428,
      -3.31428765060458,
      3.2278109647654816,
      6.7889879543277445,
      -11.8406095283471,
      9.74685858811384,
      11.086546789171896,
      -13.86887374413846
    ],
    "cost": -13.917696451017903,
    "energy": -0.4620901071503268,
    "entropy": 2.6911212687735153,
    "rho": [
      [
        0.06691004449063019,
        -3.345453334337424e-18,
        1.2766548215364583e-17,
        0.010291107070967791,
        -2.5639864767380322e-17,
        0.007321402990597581,
        0.0013935279220264902,
        -2.3707357422280483e-18,
        7.68730248216058e-18,
        0.013296533680502235,
        0.009034049268361193,
        -9.534936752489255e-18,
        0.004864040075342404,
        -4.611665293607236e-18,
        9.628707371251685e-18,
        0.0018778306760897888
      ],
      [
        -3.345453334337424e-18,
        0.055004886123385235,
        0.002852411019774353,
        -2.485168560299593e-18,
        0.002886967033377004,
        -1.6723669808928674e-17,
        6.564428030472098e-18,
        0.007215883291171704,
        0.013953402935538862,
        -6.665101831893309e-18,
        -1.8073540570819106e-18,
        0.006191320833762056,
        -1.2676255263294044e-17,
        0.009482977251729557,
        0.004206018535463541,
        6.018557902050355e-18
      ],
      [
        1.2766548215364583e-17,
        0.002852411019774353,
        0.06431442387953676,
        8.577701364321732e-18,
        0.0025083088420259107,
        1.3317607935865252e-17,
        1.8282327603689678e-17,
        0.007741062157851616,
        0.006310879637882396,
        -3.4692116521643736e-18,
        5.7322064620964616e-18,
        0.008951728634287072,
        1.3320043259222099e-17,
        0.006241871181645474,
        0.00309505149000837,
        1.2857335743370663e-17
      ],
      [
        0.010291107070967791,
        -2.485168560299593e-18,
        8.577701364321732e-18,
        0.05229771652276263,
        1.811462185192814e-18,
        0.019545473251268427,
        0.0032560077652742034,
        4.425245271719454e-19,
        9.787572666729378e-18,
        0.010519224962527888,
        0.009986765732828872,
        8.098586975080551e-19,
        0.007993865698335005,
        7.539478590252605e-18,
        2.6575514675938105e-17,
        0.00940397075056214
      ],
      [
        -2.5639864767380322e-17,
        0.002886967033377004,
        0.0025083088420259107,
        1.811462185192814e-18,
        0.06426117258994421,
        -1.6699219685940503e-17,
        1.5021431245987292e-17,
        -0.004444761918887077,
        0.006851501662366542,
        -2.100573254773006e-18,
        -1.372215144739595e-18,
        0.007219276885822014,
        -1.1487879824015885e-18,
        0.014394208882237063,
        -0.005633215998721769,
        1.8142754188262265e-17
      ],
      [
        0.007321402990597581,
        -1.6723669808928674e-17,
        1.3317607935865252e-17,
        0.019545473251268427,
        -1.6699219685940503e-17,
        0.07892553495208858,
        -0.0031992638038119874,
        -4.433131101409239e-18,
        7.312203426006725e-18,
        0.008459813252147614,
        0.00837372847618975,
        1.1905963931721363e-19,
        0.021860940130266477,
        3.9986239265788384e-18,
        4.435121588612816e-18,
        -0.007624871940229276
      ],
      [
        0.0013935279220264902,
        6.564428030472098e-18,
        1.8282327603689678e-17,
        0.0032560077652742034,
        1.5021431245987292e-17,
        -0.0031992638038119874,
        0.06017110428309903,
        3.428728459610244e-18,
        2.2548009222563886e-17,
        0.002651391407803426,
        0.010423210509208778,
        -1.368377803300874e-17,
        -0.006607358746855624,
        5.028481692191733e-19,
        2.2374596807462295e-17,
        0.012547202552540646
      ],
      [
        -2.3707357422280483e-18,
        0.007215883291171704,
        0.007741062157851616,
        4.425245271719454e-19,
        -0.004444761918887077,
        -4.433131101409239e-18,
        3.428728459610244e-18,
        0.06156585993968196,
        0.0036061141324502314,
        3.2337122324760996e-18,
        -2.0880019717635774e-17,
        0.0002674756163174234,
        1.5591301899035006e-17,
        -0.00516412108015517,
        0.013155954410030498,
        1.7416663424708212e-17
      ],
      [
        7.68730248216058e-18,
        0.013953402935538862,
        0.006310879637882396,
        9.787572666729378e-18,
        0.006851501662366542,
        7.312203426006725e-18,
        2.2548009222563886e-17,
        0.0036061141324502314,
        0.05570345614657781,
        1.6391534794879997e-17,
        2.9647518037033927e-18,
        0.0038667788760503407,
        -8.72208418707832e-18,
        0.00220574460775154,
        0.009320425757104773,
        6.918141880418614e-18
      ],
      [
        0.013296533680502235,
        -6.665101831893309e-18,
        -3.4692116521643736e-18,
        0.010519224962527888,
        -2.100573254773006e-18,
        0.008459813252147614,
        0.002651391407803426,
        3.2337122324760996e-18,
        1.6391534794879997e-17,
        0.07035142963373567,
        0.007437486304211047,
        -1.2829761001643669e-17,
        0.005917840775055843,
        -2.2849908468193418e-17,
        -5.1799290381287146e-18,
        0.0005970680291184829
      ],
      [
        0.009034049268361193,
        -1.8073540570819106e-18,
        5.7322064620964616e-18,
        0.009986765732828872,
        -1.372215144739595e-18,
        0.00837372847618975,
        0.010423210509208778,
        -2.0880019717635774e-17,
        2.9647518037033927e-18,
        0.007437486304211047,
        0.049247581997081034,
        -1.5750622385146634e-17,
        0.015029254354865504,
        1.3962109278897663e-17,
        -1.1541460227672278e-17,
        0.0031668509204676124
      ],
      [
        -9.534936752489255e-18,
        0.006191320833762056,
        0.008951728634287072,
        8.098586975080551e-19,
        0.007219276885822014,
        1.1905963931721363e-19,
        -1.368377803300874e-17,
        0.0002674756163174234,
        0.0038667788760503407,
        -1.2829761001643669e-17,
        -1.5750622385146634e-17,
        0.062115328190562126,
        8.548095826238379e-18,
        0.003950176267798172,
        0.005738734540284156,
        -9.083706110041884e-18
      ],
      [
        0.004864040075342404,
        -1.2676255263294044e-17,
        1.3320043259222099e-17,
        0.007993865698335005,
        -1.1487879824015885e-18,
        0.021860940130266477,
        -0.006607358746855624,
        1.5591301899035006e-17,
        -8.72208418707832e-18,
        0.005917840775055843,
        0.015029254354865504,
        8.548095826238379e-18,
        0.06991447763054442,
        5.195481547122095e-18,
        2.6396989059594743e-19,
        -0.0017251450277140671
      ],
      [
        -4.611665293607236e-18,
        0.009482977251729557,
        0.006241871181645474,
        7.539478590252605e-18,
        0.014394208882237063,
        3.9986239265788384e-18,
        5.028481692191733e-19,
        -0.00516412108015517,
        0.00220574460775154,
        -2.2849908468193418e-17,
        1.3962109278897663e-17,
        0.003950176267798172,
        5.195481547122095e-18,
        0.06429553016799419,
        -0.005499827961354404,
        4.8033392222956104e-18
      ],
      [
        9.628707371251685e-18,
        0.004206018535463541,
        0.00309505149000837,
        2.6575514675938105e-17,
        -0.005633215998721769,
        4.435121588612816e-18,
        2.2374596807462295e-17,
        0.013155954410030498,
        0.009320425757104773,
        -5.1799290381287146e-18,
        -1.1541460227672278e-17,
        0.005738734540284156,
        2.6396989059594743e-19,
        -0.005499827961354404,
        0.06653834495155103,
        -5.805106228599096e-18
      ],
      [
        0.0018778306760897888,
        6.018557902050355e-18,
        1.2857335743370663e-17,
        0.00940397075056214,
        1.8142754188262265e-17,
        -0.007624871940229276,
        0.012547202552540646,
        1.7416663424708212e-17,
        6.918141880418614e-18,
        0.0005970680291184829,
        0.0031668509204676124,
        -9.083706110041884e-18,
        -0.0017251450277140671,
        4.8033392222956104e-18,
        -5.805106228599096e-18,
        0.058383108500824135
      ]
    ],
    "noiseless_rho": [
      [
        0.06691004449063019,
        -3.345453334337424e-18,
        1.2766548215364583e-17,
        0.010291107070967791,
        -2.5639864767380322e-17,
        0.007321402990597581,
        0.0013935279220264902,
        -2.3707357422280483e-18,
        7.68730248216058e-18,
        0.013296533680502235,
        0.009034049268361193,
        -9.534936752489255e-18,
        0.004864040075342404,
        -4.611665293607236e-18,
        9.628707371251685e-18,
        0.0018778306760897888
      ],
      [
        -3.345453334337424e-18,
        0.055004886123385235,
        0.002852411019774353,
        -2.485168560299593e-18,
        0.002886967033377004,
        -1.6723669808928674e-17,
        6.564428030472098e-18,
        0.007215883291171704,
        0.013953402935538862,
        -6.665101831893309e-18,
        -1.8073540570819106e-18,
        0.006191320833762056,
        -1.2676255263294044e-17,
        0.009482977251729557,
        0.004206018535463541,
        6.018557902050355e-18
      ],
      [
        1.2766548215364583e-17,
        0.002852411019774353,
        0.06431442387953676,
        8.577701364321732e-18,
        0.0025083088420259107,
        1.3317607935865252e-17,
        1.8282327603689678e-17,
        0.007741062157851616,
        0.006310879637882396,
        -3.4692116521643736e-18,
        5.7322064620964616e-18,
        0.008951728634287072,
        1.3320043259222099e-17,
        0.006241871181645474,
        0.00309505149000837,
        1.2857335743370663e-17
      ],
      [
        0.010291107070967791,
        -2.485168560299593e-18,
        8.577701364321732e-18,
        0.05229771652276263,
        1.811462185192814e-18,
        0.019545473251268427,
        0.0032560077652742034,
        4.425245271719454e-19,
        9.787572666729378e-18,
        0.010519224962527888,
        0.009986765732828872,
        8.098586975080551e-19,
        0.007993865698335005,
        7.539478590252605e-18,
        2.6575514675938105e-17,
        0.00940397075056214
      ],
      [
        -2.5639864767380322e-17,
        0.002886967033377004,
        0.0025083088420259107,
        1.811462185192814e-18,
        0.06426117258994421,
        -1.6699219685940503e-17,
        1.5021431245987292e-17,
        -0.004444761918887077,
        0.006851501662366542,
        -2.100573254773006e-18,
        -1.372215144739595e-18,
        0.007219276885822014,
        -1.1487879824015885e-18,
        0.014394208882237063,
        -0.005633215998721769,
        1.8142754188262265e-17
      ],
      [
        0.007321402990597581,
        -1.6723669808928674e-17,
        1.3317607935865252e-17,
        0.019545473251268427,
        -1.6699219685940503e-17,
        0.07892553495208858,
        -0.0031992638038119874,
        -4.433131101409239e-18,
        7.312203426006725e-18,
        0.008459813252147614,
        0.00837372847618975,
        1.1905963931721363e-19,
        0.021860940130266477,
        3.9986239265788384e-18,
        4.435121588612816e-18,
        -0.007624871940229276
      ],
      [
        0.0013935279220264902,
        6.564428030472098e-18,
        1.8282327603689678e-17,
        0.0032560077652742034,
        1.5021431245987292e-17,
        -0.0031992638038119874,
        0.06017110428309903,
        3.428728459610244e-18,
        2.2548009222563886e-17,
        0.002651391407803426,
        0.010423210509208778,
        -1.368377803300874e-17,
        -0.006607358746855624,
        5.028481692191733e-19,
        2.2374596807462295e-17,
        0.012547202552540646
      ],
      [
        -2.3707357422280483e-18,
        0.007215883291171704,
        0.007741062157851616,
        4.425245271719454e-19,
        -0.004444761918887077,
        -4.433131101409239e-18,
        3.428728459610244e-18,
        0.06156585993968196,
        0.0036061141324502314,
        3.2337122324760996e-18,
        -2.0880019717635774e-17,
        0.0002674756163174234,
        1.5591301899035006e-17,
        -0.00516412108015517,
        0.013155954410030498,
        1.7416663424708212e-17
      ],
      [
        7.68730248216058e-18,
        0.013953402935538862,
        0.006310879637882396,
        9.787572666729378e-18,
        0.006851501662366542,
        7.312203426006725e-18,
        2.2548009222563886e-17,
        0.0036061141324502314,
        0.05570345614657781,
        1.6391534794879997e-17,
        2.9647518037033927e-18,
        0.0038667788760503407,
        -8.72208418707832e-18,
        0.00220574460775154,
        0.009320425757104773,
        6.918141880418614e-18
      ],
      [
        0.013296533680502235,
        -6.665101831893309e-18,
        -3.4692116521643736e-18,
        0.010519224962527888,
        -2.100573254773006e-18,
        0.008459813252147614,
        0.002651391407803426,
        3.2337122324760996e-18,
        1.6391534794879997e-17,
        0.07035142963373567,
        0.007437486304211047,
        -1.2829761001643669e-17,
        0.005917840775055843,
        -2.2849908468193418e-17,
        -5.1799290381287146e-18,
        0.0005970680291184829
      ],
      [
        0.009034049268361193,
        -1.8073540570819106e-18,
        5.7322064620964616e-18,
        0.009986765732828872,
        -1.372215144739595e-18,
        0.00837372847618975,
        0.010423210509208778,
        -2.0880019717635774e-17,
        2.9647518037033927e-18,
        0.007437486304211047,
        0.049247581997081034,
        -1.5750622385146634e-17,
        0.015029254354865504,
        1.3962109278897663e-17,
        -1.1541460227672278e-17,
        0.0031668509204676124
      ],
      [
        -9.534936752489255e-18,
        0.006191320833762056,
        0.008951728634287072,
        8.098586975080551e-19,
        0.007219276885822014,
        1.1905963931721363e-19,
        -1.368377803300874e-17,
        0.0002674756163174234,
        0.0038667788760503407,
        -1.2829761001643669e-17,
        -1.5750622385146634e-17,
        0.062115328190562126,
        8.548095826238379e-18,
        0.003950176267798172,
        0.005738734540284156,
        -9.083706110041884e-18
      ],
      [
        0.004864040075342404,
        -1.2676255263294044e-17,
        1.3320043259222099e-17,
        0.007993865698335005,
        -1.1487879824015885e-18,
        0.021860940130266477,
        -0.006607358746855624,
        1.5591301899035006e-17,
        -8.72208418707832e-18,
        0.005917840775055843,
        0.015029254354865504,
        8.548095826238379e-18,
        0.06991447763054442,
        5.195481547122095e-18,
        2.6396989059594743e-19,
        -0.0017251450277140671
      ],
      [
        -4.611665293607236e-18,
        0.009482977251729557,
        0.006241871181645474,
        7.539478590252605e-18,
        0.014394208882237063,
        3.9986239265788384e-18,
        5.028481692191733e-19,
        -0.00516412108015517,
        0.00220574460775154,
        -2.2849908468193418e-17,
        1.3962109278897663e-17,
        0.003950176267798172,
        5.195481547122095e-18,
        0.06429553016799419,
        -0.005499827961354404,
        4.8033392222956104e-18
      ],
      [
        9.628707371251685e-18,
        0.004206018535463541,
        0.00309505149000837,
        2.6575514675938105e-17,
        -0.005633215998721769,
        4.435121588612816e-18,
        2.2374596807462295e-17,
        0.013155954410030498,
        0.009320425757104773,
        -5.1799290381287146e-18,
        -1.1541460227672278e-17,
        0.005738734540284156,
        2.6396989059594743e-19,
        -0.005499827961354404,
        0.06653834495155103,
        -5.805106228599096e-18
      ],
      [
        0.0018778306760897888,
        6.018557902050355e-18,
        1.2857335743370663e-17,
        0.00940397075056214,
        1.8142754188262265e-17,
        -0.007624871940229276,
        0.012547202552540646,
        1.7416663424708212e-17,
        6.918141880418614e-18,
        0.0005970680291184829,
        0.0031668509204676124,
        -9.083706110041884e-18,
        -0.0017251450277140671,
        4.8033392222956104e-18,
        -5.805106228599096e-18,
        0.058383108500824135
      ]
    ],
    "sigma": [
      0.05141136498484672,
      0.05833693274692632,
      0.09483459444501469,
      0.028547271300825565,
      0.09708034629086383,
      0.05541630903230516,
      0.058233517798595966,
      0.04863793715585961,
      0.050206014871083095,
      0.031409763897638415,
      0.08675905165309697,
      0.059787752155906516,
      0.12856524262727914,
      0.033171647766169,
      0.05174377655741026,
      0.06585847671617776
    ],
    "noiseless_sigma": [
      0.05141136498484672,
      0.05833693274692632,
      0.09483459444501469,
      0.028547271300825565,
      0.09708034629086383,
      0.05541630903230516,
      0.058233517798595966,
      0.04863793715585961,
      0.050206014871083095,
      0.031409763897638415,
      0.08675905165309697,
      0.059787752155906516,
      0.12856524262727914,
      0.033171647766169,
      0.05174377655741026,
      0.06585847671617776
    ],
    "eigenvalues": [
      0.028547271300825565,
      0.031409763897638415,
      0.033171647766169,
      0.04863793715585961,
      0.050206014871083095,
      0.05141136498484672,
      0.05174377655741026,
      0.05541630903230516,
      0.058233517798595966,
      0.05833693274692632,
      0.059787752155906516,
      0.06585847671617776,
      0.08675905165309697,
      0.09483459444501469,
      0.09708034629086383,
      0.12856524262727914
    ],
    "noiseless_eigenvalues": [
      0.028547271300825565,
      0.031409763897638415,
      0.033171647766169,
      0.04863793715585961,
      0.050206014871083095,
      0.05141136498484672,
      0.05174377655741026,
      0.05541630903230516,
      0.058233517798595966,
      0.05833693274692632,
      0.059787752155906516,
      0.06585847671617776,
      0.08675905165309697,
      0.09483459444501469,
      0.09708034629086383,
      0.12856524262727914
    ],
    "hamiltonian_eigenvalues": [
      -3.6611025571701923,
      -2.256614795702383,
      -2.139591371106306,
      -1.694593832138132,
      -0.3164607939124888,
      0.16707581122743775,
      0.28990300596878704,
      0.298774463098491,
      0.5467102574195746,
      0.8895591181252556,
      0.921783660518738,
      1.040405755547141,
      1.1990608123347926,
      3.1126023032699983,
      3.3854859602292997,
      3.863273166987245
    ],
    "noiseless_hamiltonian_eigenvalues": [
      -3.6611025571701923,
      -2.256614795702383,
      -2.139591371106306,
      -1.694593832138132,
      -0.3164607939124888,
      0.16707581122743775,
      0.28990300596878704,
      0.298774463098491,
      0.5467102574195746,
      0.8895591181252556,
      0.921783660518738,
      1.040405755547141,
      1.1990608123347926,
      3.1126023032699983,
      3.3854859602292997,
      3.863273166987245
    ]
  },
  "exact_result": {
    "hamiltonian_matrix": [
      [
        [
          -2.0,
          0.0
        ],
        [
          0.0,
          0.0
        ],
        [
          0.0,
          0.0
        ],
        [
          -1.0,
          0.0
        ],
        [
          0.0,
          0.0
        ],
        [
          0.0,
          0.0
        ],
        [
          -1.0,
          0.0
        ],
        [
          0.0,
          0.0
        ],
        [
          0.0,
          0.0
        ],
        [
          -1.0,
          0.0
        ],
        [
          0.0,
          0.0
        ],
        [
          0.0,
          0.0
        ],
        [
          -1.0,
          0.0
        ],
        [
          0.0,
          0.0
        ],
        [
          0.0,
          0.0
        ],
        [
          0.0,
          0.0
        ]
      ],
      [
        [
          0.0,
          0.0
        ],
        [
          -1.0,
          0.0
        ],
        [
          -1.0,
          0.0
        ],
        [
          0.0,
          0.0
        ],
        [
          0.0,
          0.0
        ],
        [
          0.0,
          0.0
        ],
        [
          0.0,
          0.0
        ],
        [
          -1.0,
          0.0
        ],
        [
          -1.0,
          0.0
        ],
        [
          0.0,
          0.0
        ],
        [
          0.0,
          0.0
        ],
        [
          0.0,
          0.0
        ],
        [
          0.0,
          0.0
        ],
        [
          -1.0,
          0.0
        ],
        [
          0.0,
          0.0
        ],
        [
          0.0,
          0.0
        ]
      ],
      [
        [
          0.0,
          0.0
        ],
        [
          -1.0,
          0.0
        ],
        [
          -1.0,
          0.0
        ],
        [
          0.0,
          0.0
        ],
        [
          -1.0,
          0.0
        ],
        [
          0.0,
          0.0
        ],
        [
          0.0,
          0.0
        ],
        [
          0.0,
          0.0
        ],
        [
          0.0,
          0.0
        ],
        [
          0.0,
          0.0
        ],
        [
          0.0,
          0.0
        ],
        [
          -1.0,
          0.0
        ],
        [
          0.0,
          0.0
        ],
        [
          0.0,
          0.0
        ],
        [
          -1.0,
          0.0
        ],
        [
          0.0,
          0.0
        ]
      ],
      [
        [
          -1.0,
          0.0
        ],
        [
          0.0,
          0.0
        ],
        [
          0.0,
          0.0
        ],
        [
          0.0,
          0.0
        ],
        [
          0.0,
          0.0
        ],
        [
          -1.0,
          0.0
        ],
        [
          0.0,
          0.0
        ],
        [
          0.0,
          0.0
        ],
        [
          0.0,
          0.0
        ],
        [
          0.0,
          0.0
        ],
        [
          -1.0,
          0.0
        ],
        [
          0.0,
          0.0
        ],
        [
          0.0,
          0.0
        ],
        [
          0.0,
          0.0
        ],
        [
          0.0,
          0.0
        ],
        [
          -1.0,
          0.0
        ]
      ],
      [
        [
          0.0,
          0.0
        ],
        [
          0.0,
          0.0
        ],
        [
          -1.0,
          0.0
        ],
        [
          0.0,
          0.0
        ],
        [
          -1.0,
          0.0
        ],
        [
          0.0,
          0.0
        ],
        [
          0.0,
          0.0
        ],
        [
          -1.0,
          0.0
        ],
        [
          -1.0,
          0.0
        ],
        [
          0.0,
          0.0
        ],
        [
          0.0,
          0.0
        ],
        [
          0.0,
          0.0
        ],
        [
          0.0,
          0.0
        ],
        [
          -1.0,
          0.0
        ],
        [
          0.0,
          0.0
        ],
        [
          0.0,
          0.0
        ]
      ],
      [
        [
          0.0,
          0.0
        ],
        [
          0.0,
          0.0
        ],
        [
          0.0,
          0.0
        ],
        [
          -1.0,
          0.0
        ],
        [
          0.0,
          0.0
        ],
        [
          0.0,
          0.0
        ],
        [
          -1.0,
          0.0
        ],
        [
          0.0,
          0.0
        ],
        [
          0.0,
          0.0
        ],
        [
          -1.0,
          0.0
        ],
        [
          0.0,
          0.0
        ],
        [
          0.0,
          0.0
        ],
        [
          -1.0,
          0.0
        ],
        [
          0.0,
          0.0
        ],
        [
          0.0,
          0.0
        ],
        [
          0.0,
          0.0
        ]
      ],
      [
        [
          -1.0,
          0.0
        ],
        [
          0.0,
          0.0
        ],
        [
          0.0,
          0.0
        ],
        [
          0.0,
          0.0
        ],
        [
          0.0,
          0.0
        ],
        [
          -1.0,
          0.0
        ],
        [
          0.0,
          0.0
        ],
        [
          0.0,
          0.0
        ],
        [
          0.0,
          0.0
        ],
        [
          0.0,
          0.0
        ],
        [
          -1.0,
          0.0
        ],
        [
          0.0,
          0.0
        ],
        [
          0.0,
          0.0
        ],
        [
          0.0,
          0.0
        ],
        [
          0.0,
          0.0
        ],
        [
          -1.0,
          0.0
        ]
      ],
      [
        [
          0.0,
          0.0
        ],
        [
          -1.0,
          0.0
        ],
        [
          0.0,
          0.0
        ],
        [
          0.0,
          0.0
        ],
        [
          -1.0,
          0.0
        ],
        [
          0.0,
          0.0
        ],
        [
          0.0,
          0.0
        ],
        [
          1.0,
          0.0
        ],
        [
          0.0,
          0.0
        ],
        [
          0.0,
          0.0
        ],
        [
          0.0,
          0.0
        ],
        [
          -1.0,
          0.0
        ],
        [
          0.0,
          0.0
        ],
        [
          0.0,
          0.0
        ],
        [
          -1.0,
          0.0
        ],
        [
          0.0,
          0.0
        ]
      ],
      [
        [
          0.0,
          0.0
        ],
        [
          -1.0,
          0.0
        ],
        [
          0.0,
          0.0
        ],
        [
          0.0,
          0.0
        ],
        [
          -1.0,
          0.0
        ],
        [
          0.0,
          0.0
        ],
        [
          0.0,
          0.0
        ],
        [
          0.0,
          0.0
        ],
        [
          -1.0,
          0.0
        ],
        [
          0.0,
          0.0
        ],
        [
          0.0,
          0.0
        ],
        [
          -1.0,
          0.0
        ],
        [
          0.0,
          0.0
        ],
        [
          0.0,
          0.0
        ],
        [
          -1.0,
          0.0
        ],
        [
          0.0,
          0.0
        ]
      ],
      [
        [
          -1.0,
          0.0
        ],
        [
          0.0,
          0.0
        ],
        [
          0.0,
          0.0
        ],
        [
          0.0,
          0.0
        ],
        [
          0.0,
          0.0
        ],
        [
          -1.0,
          0.0
        ],
        [
          0.0,
          0.0
        ],
        [
          0.0,
          0.0
        ],
        [
          0.0,
          0.0
        ],
        [
          0.0,
          0.0
        ],
        [
          -1.0,
          0.0
        ],
        [
          0.0,
          0.0
        ],
        [
          0.0,
          0.0
        ],
        [
          0.0,
          0.0
        ],
        [
          0.0,
          0.0
        ],
        [
          -1.0,
          0.0
        ]
      ],
      [
        [
          0.0,
          0.0
        ],
        [
          0.0,
          0.0
        ],
        [
          0.0,
          0.0
        ],
        [
          -1.0,
          0.0
        ],
        [
          0.0,
          0.0
        ],
        [
          0.0,
          0.0
        ],
        [
          -1.0,
          0.0
        ],
        [
          0.0,
          0.0
        ],
        [
          0.0,
          0.0
        ],
        [
          -1.0,
          0.0
        ],
        [
          0.0,
          0.0
        ],
        [
          0.0,
          0.0
        ],
        [
          -1.0,
          0.0
        ],
        [
          0.0,
          0.0
        ],
        [
          0.0,
          0.0
        ],
        [
          0.0,
          0.0
        ]
      ],
      [
        [
          0.0,
          0.0
        ],
        [
          0.0,
          0.0
        ],
        [
          -1.0,
          0.0
        ],
        [
          0.0,
          0.0
        ],
        [
          0.0,
          0.0
        ],
        [
          0.0,
          0.0
        ],
        [
          0.0,
          0.0
        ],
        [
          -1.0,
          0.0
        ],
        [
          -1.0,
          0.0
        ],
        [
          0.0,
          0.0
        ],
        [
          0.0,
          0.0
        ],
        [
          1.0,
          0.0
        ],
        [
          0.0,
          0.0
        ],
        [
          -1.0,
          0.0
        ],
        [
          0.0,
          0.0
        ],
        [
          0.0,
          0.0
        ]
      ],
      [
        [
          -1.0,
          0.0
        ],
        [
          0.0,
          0.0
        ],
        [
          0.0,
          0.0
        ],
        [
          0.0,
          0.0
        ],
        [
          0.0,
          0.0
        ],
        [
          -1.0,
          0.0
        ],
        [
          0.0,
          0.0
        ],
        [
          0.0,
          0.0
        ],
        [
          0.0,
          0.0
        ],
        [
          0.0,
          0.0
        ],
        [
          -1.0,
          0.0
        ],
        [
          0.0,
          0.0
        ],
        [
          0.0,
          0.0
        ],
        [
          0.0,
          0.0
        ],
        [
          0.0,
          0.0
        ],
        [
          -1.0,
          0.0
        ]
      ],
      [
        [
          0.0,
          0.0
        ],
        [
          -1.0,
          0.0
        ],
        [
          0.0,
          0.0
        ],
        [
          0.0,
          0.0
        ],
        [
          -1.0,
          0.0
        ],
        [
          0.0,
          0.0
        ],
        [
          0.0,
          0.0
        ],
        [
          0.0,
          0.0
        ],
        [
          0.0,
          0.0
        ],
        [
          0.0,
          0.0
        ],
        [
          0.0,
          0.0
        ],
        [
          -1.0,
          0.0
        ],
        [
          0.0,
          0.0
        ],
        [
          1.0,
          0.0
        ],
        [
          -1.0,
          0.0
        ],
        [
          0.0,
          0.0
        ]
      ],
      [
        [
          0.0,
          0.0
        ],
        [
          0.0,
          0.0
        ],
        [
          -1.0,
          0.0
        ],
        [
          0.0,
          0.0
        ],
        [
          0.0,
          0.0
        ],
        [
          0.0,
          0.0
        ],
        [
          0.0,
          0.0
        ],
        [
          -1.0,
          0.0
        ],
        [
          -1.0,
          0.0
        ],
        [
          0.0,
          0.0
        ],
        [
          0.0,
          0.0
        ],
        [
          0.0,
          0.0
        ],
        [
          0.0,
          0.0
        ],
        [
          -1.0,
          0.0
        ],
        [
          1.0,
          0.0
        ],
        [
          0.0,
          0.0
        ]
      ],
      [
        [
          0.0,
          0.0
        ],
        [
          0.0,
          0.0
        ],
        [
          0.0,
          0.0
        ],
        [
          -1.0,
          0.0
        ],
        [
          0.0,
          0.0
        ],
        [
          0.0,
          0.0
        ],
        [
          -1.0,
          0.0
        ],
        [
          0.0,
          0.0
        ],
        [
          0.0,
          0.0
        ],
        [
          -1.0,
          0.0
        ],
        [
          0.0,
          0.0
        ],
        [
          0.0,
          0.0
        ],
        [
          -1.0,
          0.0
        ],
        [
          0.0,
          0.0
        ],
        [
          0.0,
          0.0
        ],
        [
          2.0,
          0.0
        ]
      ]
    ],
    "gibbs_state": [
      [
        0.09055156714343324,
        0.0,
        0.0,
        0.015285252269285902,
        0.0,
        0.005458792707225995,
        0.015285252269285902,
        0.0,
        0.0,
        0.015285252269285902,
        0.005458792707225995,
        0.0,
        0.0152852522692859,
        0.0,
        0.0,
        0.00483127426561255
      ],
      [
        0.0,
        0.07450169581515126,
        0.015190190084418137,
        0.0,
        0.005457412346404184,
        0.0,
        0.0,
        0.012633822619167236,
        0.015190190084418133,
        0.0,
        0.0,
        0.004800207793469178,
        0.0,
        0.012633822619167236,
        0.004800207793469178,
        0.0
      ],
      [
        0.0,
        0.015190190084418137,
        0.07450169581515126,
        0.0,
        0.015190190084418137,
        0.0,
        0.0,
        0.004800207793469179,
        0.005457412346404185,
        0.0,
        0.0,
        0.012633822619167236,
        0.0,
        0.004800207793469179,
        0.012633822619167236,
        0.0
      ],
      [
        0.015285252269285909,
        0.0,
        0.0,
        0.061328989221304205,
        0.0,
        0.0125558559156729,
        0.004800311021207253,
        0.0,
        0.0,
        0.004800311021207253,
        0.0125558559156729,
        0.0,
        0.004800311021207253,
        0.0,
        0.0,
        0.01045397800367335
      ],
      [
        0.0,
        0.005457412346404184,
        0.01519019008441814,
        0.0,
        0.07450169581515126,
        0.0,
        0.0,
        0.012633822619167238,
        0.01519019008441814,
        0.0,
        0.0,
        0.004800207793469179,
        0.0,
        0.012633822619167238,
        0.004800207793469179,
        0.0
      ],
      [
        0.005458792707225997,
        0.0,
        0.0,
        0.012555855915672905,
        0.0,
        0.06129802597689891,
        0.012555855915672905,
        0.0,
        0.0,
        0.012555855915672905,
        0.004769347776801955,
        0.0,
        0.012555855915672905,
        0.0,
        0.0,
        0.004203755823999104
      ],
      [
        0.015285252269285905,
        0.0,
        0.0,
        0.004800311021207253,
        0.0,
        0.012555855915672903,
        0.061328989221304205,
        0.0,
        0.0,
        0.004800311021207252,
        0.012555855915672903,
        0.0,
        0.004800311021207252,
        0.0,
        0.0,
        0.01045397800367335
      ],
      [
        0.0,
        0.012633822619167234,
        0.004800207793469178,
        0.0,
        0.012633822619167238,
        0.0,
        0.0,
        0.050486615098244626,
        0.004800207793469179,
        0.0,
        0.0,
        0.010389982290948958,
        0.0,
        0.004204847824976354,
        0.01038998229094896,
        0.0
      ],
      [
        0.0,
        0.015190190084418137,
        0.005457412346404183,
        0.0,
        0.01519019008441814,
        0.0,
        0.0,
        0.004800207793469179,
        0.07450169581515126,
        0.0,
        0.0,
        0.012633822619167236,
        0.0,
        0.004800207793469178,
        0.012633822619167236,
        0.0
      ],
      [
        0.015285252269285905,
        0.0,
        0.0,
        0.004800311021207254,
        0.0,
        0.012555855915672902,
        0.004800311021207253,
        0.0,
        0.0,
        0.061328989221304205,
        0.012555855915672902,
        0.0,
        0.004800311021207253,
        0.0,
        0.0,
        0.01045397800367335
      ],
      [
        0.005458792707225998,
        0.0,
        0.0,
        0.012555855915672905,
        0.0,
        0.004769347776801957,
        0.012555855915672905,
        0.0,
        0.0,
        0.012555855915672905,
        0.06129802597689891,
        0.0,
        0.012555855915672905,
        0.0,
        0.0,
        0.004203755823999104
      ],
      [
        0.0,
        0.004800207793469179,
        0.012633822619167233,
        0.0,
        0.00480020779346918,
        0.0,
        0.0,
        0.01038998229094896,
        0.012633822619167236,
        0.0,
        0.0,
        0.050486615098244626,
        0.0,
        0.01038998229094896,
        0.004204847824976353,
        0.0
      ],
      [
        0.015285252269285902,
        0.0,
        0.0,
        0.004800311021207253,
        0.0,
        0.012555855915672902,
        0.004800311021207253,
        0.0,
        0.0,
        0.004800311021207253,
        0.012555855915672902,
        0.0,
        0.061328989221304205,
        0.0,
        0.0,
        0.01045397800367335
      ],
      [
        0.0,
        0.012633822619167234,
        0.00480020779346918,
        0.0,
        0.012633822619167238,
        0.0,
        0.0,
        0.004204847824976355,
        0.00480020779346918,
        0.0,
        0.0,
        0.010389982290948962,
        0.0,
        0.050486615098244626,
        0.01038998229094896,
        0.0
      ],
      [
        0.0,
        0.00480020779346918,
        0.012633822619167234,
        0.0,
        0.004800207793469181,
        0.0,
        0.0,
        0.010389982290948964,
        0.012633822619167238,
        0.0,
        0.0,
        0.004204847824976354,
        0.0,
        0.010389982290948962,
        0.050486615098244626,
        0.0
      ],
      [
        0.004831274265612551,
        0.0,
        0.0,
        0.010453978003673352,
        0.0,
        0.004203755823999103,
        0.010453978003673349,
        0.0,
        0.0,
        0.010453978003673349,
        0.004203755823999103,
        0.0,
        0.010453978003673349,
        0.0,
        0.0,
        0.041583180363968505
      ]
    ],
    "energy": -1.007587174170609,
    "entropy": 2.671489756007369,
    "cost": -14.365035954207453,
    "eigenvalues": [
      0.024057249992494097,
      0.02422861790721011,
      0.043375150560474786,
      0.04628176727326824,
      0.04628176727326828,
      0.05392178079330158,
      0.056528678200096945,
      0.056528678200096945,
      0.056528678200096966,
      0.056528678200096966,
      0.05926160842683213,
      0.06904428346874708,
      0.0690442834687471,
      0.0736710171090906,
      0.13188913504220903,
      0.13282862588396924
    ],
    "hamiltonian_eigenvalues": [
      -4.271558410139714,
      -4.23606797749979,
      -1.3243068937239126,
      -1.0000000000000004,
