{
  "n": 4,
  "J": 1.0,
  "h": 0.5,
  "beta": 0.8,
  "calculated_result": {
    "n": 4,
    "J": 1.0,
    "h": 0.5,
    "beta": 0.8,
    "params": [
      -3.8487741529298174,
      15.631346359520215,
      4.938402524140749,
      13.838728441489351,
      -3.5284829832601203,
      -4.048226142522867,
      9.583583021849119,
      22.479920035363605,
      9.923460658281364,
      -0.9005777999620065,
      14.702630195507492,
      6.84741501561079,
      -2.1389081940111287,
      1.316441295704211,
      1.712356692702146,
      -7.436567923807302,
      5.3986789015384575,
      -4.799025134899069,
      1.4109500728533928,
      -6.560898401897123,
      4.883420106301545,
      -11.21783339828988,
      -3.146135627509753,
      -1.2680995827008394,
      2.6649958090086128,
      3.359191512618826,
      7.2067300670581576,
      -5.197107044540528,
      -2.156204162150314,
      4.728527252181885,
      -15.45978423220835,
      11.19471737779197,
      14.959822508709504,
      -10.610785651551584
    ],
    "cost": -5.104666775903848,
    "energy": -3.217221560101606,
    "entropy": 1.5099561726417936,
    "rho": [
      [
        0.14164424575132623,
        2.051365056866894e-17,
        4.4963332600671995e-18,
        0.06998022703398793,
        -2.4804336630648786e-18,
        0.059132219650501784,
        0.06876521037355865,
        -2.3841734541279286e-17,
        7.434095554009291e-17,
        0.06034869571238169,
        0.07484355790445978,
        -7.259696276190699e-19,
        0.05396498845468731,
        6.045994925013238e-18,
        1.67293004118942e-17,
        0.02464514739485721
      ],
      [
        2.051365056866894e-17,
        0.07467430373556244,
        0.07883983059881214,
        -3.847785694141249e-17,
        0.04608071178027235,
        1.558334012034639e-17,
        -1.3661317964239016e-17,
        0.02377789381827877,
        0.05279149380410753,
        -4.327284720045487e-18,
        -2.248057707974358e-17,
        0.031672421610175416,
        -3.0550922264769886e-17,
        0.03697732069698656,
        0.03592113856274901,
        8.079976481762591e-18
      ],
      [
        4.4963332600671995e-18,
        0.07883983059881214,
        0.11947872077808633,
        -6.618305454748742e-17,
        0.0914643868063996,
        1.6094655477029554e-17,
        -5.136803176570901e-17,
        0.040347983563810155,
        0.07935357651487221,
        -7.003933590634155e-18,
        -2.9173243000453595e-17,
        0.04732161213201101,
        -4.693284970248929e-17,
        0.039701890161486716,
        0.04402476267825546,
        -2.7755010597243596e-19
      ],
      [
        0.06998022703398793,
        -3.847785694141249e-17,
        -6.618305454748742e-17,
        0.049439292585717866,
        -5.648833989641841e-17,
        0.039085245270329964,
        0.043545138958929565,
        -4.1105858329476374e-17,
        1.146093205650071e-18,
        0.037466731389502385,
        0.04578865986959443,
        -2.5752511392332697e-17,
        0.03244361520237009,
        -1.5407852616824937e-17,
        -1.458095086504365e-17,
        0.017378895856184986
      ],
      [
        -2.4804336630648786e-18,
        0.04608071178027235,
        0.0914643868063996,
        -5.648833989641841e-17,
        0.11003737627862527,
        2.818005598600904e-17,
        -4.912511334318019e-17,
        0.03717304033258613,
        0.07497360626021976,
        -8.00241858284604e-19,
        -5.830249713398538e-18,
        0.033332398959737615,
        -3.580279138303103e-17,
        0.026713985449396148,
        0.0313656923118859,
        -1.5933717855374298e-18
      ],
      [
        0.059132219650501784,
        1.558334012034639e-17,
        1.6094655477029554e-17,
        0.039085245270329964,
        2.818005598600904e-17,
        0.05065244959174458,
        0.04292707487186705,
        -7.389823989312971e-18,
        6.176661161946352e-17,
        0.03845244057441211,
        0.04586215008832559,
        3.150125944219287e-18,
        0.03325008615112915,
        7.413273167423761e-18,
        1.991999660281661e-17,
        0.01461902067949018
      ],
      [
        0.06876521037355865,
        -1.3661317964239016e-17,
        -5.136803176570901e-17,
        0.043545138958929565,
        -4.912511334318019e-17,
        0.04292707487186705,
        0.054435879906307764,
        -3.6820152419366906e-17,
        1.3127253487174721e-17,
        0.038194433089507276,
        0.049483206769144646,
        -1.6190078304037035e-17,
        0.03329977354645167,
        -6.5995287038619936e-18,
        -5.280509688751828e-18,
        0.01613962391524981
      ],
      [
        -2.3841734541279286e-17,
        0.02377789381827877,
        0.040347983563810155,
        -4.1105858329476374e-17,
        0.03717304033258613,
        -7.389823989312971e-18,
        -3.6820152419366906e-17,
        0.0224630643323608,
        0.028984665171284694,
        -1.9550380743907603e-17,
        -3.10284685748371e-17,
        0.015327549958946671,
        -3.2300031296456114e-17,
        0.010376570590678253,
        0.018438998328212844,
        -6.985335339313321e-18
      ],
      [
        7.434095554009291e-17,
        0.05279149380410753,
        0.07935357651487221,
        1.146093205650071e-18,
        0.07497360626021976,
        6.176661161946352e-17,
        1.3127253487174721e-17,
        0.028984665171284694,
        0.09427896023122252,
        4.783306279208881e-17,
        3.593698701866887e-17,
        0.04232432165383578,
        2.133007979809599e-20,
        0.032739924621974524,
        0.040113565808597255,
        3.1889402471834765e-17
      ],
      [
        0.06034869571238169,
        -4.327284720045487e-18,
        -7.003933590634155e-18,
        0.037466731389502385,
        -8.00241858284604e-19,
        0.03845244057441211,
        0.038194433089507276,
        -1.9550380743907603e-17,
        4.783306279208881e-17,
        0.05163437183687089,
        0.05120950123607966,
        -3.199911594590987e-18,
        0.034486369802833226,
        3.0044561820284706e-18,
        8.958357390754123e-18,
        0.01671860627375912
      ],
      [
        0.07484355790445978,
        -2.248057707974358e-17,
        -2.9173243000453595e-17,
        0.04578865986959443,
        -5.830249713398538e-18,
        0.04586215008832559,
        0.049483206769144646,
        -3.10284685748371e-17,
        3.593698701866887e-17,
        0.05120950123607966,
        0.07057050059116968,
        -2.1424162716999853e-17,
        0.04366926467941229,
        -1.0044988764157088e-17,
        -5.621470225393706e-18,
        0.02132160389275532
      ],
      [
        -7.259696276190699e-19,
        0.031672421610175416,
        0.04732161213201101,
        -2.5752511392332697e-17,
        0.033332398959737615,
        3.150125944219287e-18,
        -1.6190078304037035e-17,
        0.015327549958946671,
        0.04232432165383578,
        -3.199911594590987e-18,
        -2.1424162716999853e-17,
        0.03231770644964925,
        -2.4932764591673467e-17,
        0.02606042217597085,
        0.02491467468962754,
        2.7040195564186125e-18
      ],
      [
        0.05396498845468731,
        -3.0550922264769886e-17,
        -4.693284970248929e-17,
        0.03244361520237009,
        -3.580279138303103e-17,
        0.03325008615112915,
        0.03329977354645167,
        -3.2300031296456114e-17,
        2.133007979809599e-20,
        0.034486369802833226,
        0.04366926467941229,
        -2.4932764591673467e-17,
        0.04135743565205598,
        -1.7940681788759494e-17,
        -1.2329928129511857e-17,
        0.01477423133762823
      ],
      [
        6.045994925013238e-18,
        0.03697732069698656,
        0.039701890161486716,
        -1.5407852616824937e-17,
        0.026713985449396148,
        7.413273167423761e-18,
        -6.5995287038619936e-18,
        0.010376570590678253,
        0.032739924621974524,
        3.0044561820284706e-18,
        -1.0044988764157088e-17,
        0.02606042217597085,
        -1.7940681788759494e-17,
        0.03589913919420799,
        0.02791419176415578,
        1.0810559356532395e-17
      ],
      [
        1.67293004118942e-17,
        0.03592113856274901,
        0.04402476267825546,
        -1.458095086504365e-17,
        0.0313656923118859,
        1.991999660281661e-17,
        -5.280509688751828e-18,
        0.018438998328212844,
        0.040113565808597255,
        8.958357390754123e-18,
        -5.621470225393706e-18,
        0.02491467468962754,
        -1.2329928129511857e-17,
        0.02791419176415578,
        0.036030842429500165,
        8.492049097177642e-18
      ],
      [
        0.02464514739485721,
        8.079976481762591e-18,
        -2.7755010597243596e-19,
        0.017378895856184986,
        -1.5933717855374298e-18,
        0.01461902067949018,
        0.01613962391524981,
        -6.985335339313321e-18,
        3.1889402471834765e-17,
        0.01671860627375912,
        0.02132160389275532,
        2.7040195564186125e-18,
        0.01477423133762823,
        1.0810559356532395e-17,
        8.492049097177642e-18,
        0.01508571065559173
      ]
    ],
    "noiseless_rho": [
      [
        0.14164424575132623,
        2.051365056866894e-17,
        4.4963332600671995e-18,
        0.06998022703398793,
        -2.4804336630648786e-18,
        0.059132219650501784,
        0.06876521037355865,
        -2.3841734541279286e-17,
        7.434095554009291e-17,
        0.06034869571238169,
        0.07484355790445978,
        -7.259696276190699e-19,
        0.05396498845468731,
        6.045994925013238e-18,
        1.67293004118942e-17,
        0.02464514739485721
      ],
      [
        2.051365056866894e-17,
        0.07467430373556244,
        0.07883983059881214,
        -3.847785694141249e-17,
        0.04608071178027235,
        1.558334012034639e-17,
        -1.3661317964239016e-17,
        0.02377789381827877,
        0.05279149380410753,
        -4.327284720045487e-18,
        -2.248057707974358e-17,
        0.031672421610175416,
        -3.0550922264769886e-17,
        0.03697732069698656,
        0.03592113856274901,
        8.079976481762591e-18
      ],
      [
        4.4963332600671995e-18,
        0.07883983059881214,
        0.11947872077808633,
        -6.618305454748742e-17,
        0.0914643868063996,
        1.6094655477029554e-17,
        -5.136803176570901e-17,
        0.040347983563810155,
        0.07935357651487221,
        -7.003933590634155e-18,
        -2.9173243000453595e-17,
        0.04732161213201101,
        -4.693284970248929e-17,
        0.039701890161486716,
        0.04402476267825546,
        -2.7755010597243596e-19
      ],
      [
        0.06998022703398793,
        -3.847785694141249e-17,
        -6.618305454748742e-17,
        0.049439292585717866,
        -5.648833989641841e-17,
        0.039085245270329964,
        0.043545138958929565,
        -4.1105858329476374e-17,
        1.146093205650071e-18,
        0.037466731389502385,
        0.04578865986959443,
        -2.5752511392332697e-17,
        0.03244361520237009,
        -1.5407852616824937e-17,
        -1.458095086504365e-17,
        0.017378895856184986
      ],
      [
        -2.4804336630648786e-18,
        0.04608071178027235,
        0.0914643868063996,
        -5.648833989641841e-17,
        0.11003737627862527,
        2.818005598600904e-17,
        -4.912511334318019e-17,
        0.03717304033258613,
        0.07497360626021976,
        -8.00241858284604e-19,
        -5.830249713398538e-18,
        0.033332398959737615,
        -3.580279138303103e-17,
        0.026713985449396148,
        0.0313656923118859,
        -1.5933717855374298e-18
      ],
      [
        0.059132219650501784,
        1.558334012034639e-17,
        1.6094655477029554e-17,
        0.039085245270329964,
        2.818005598600904e-17,
        0.05065244959174458,
        0.04292707487186705,
        -7.389823989312971e-18,
        6.176661161946352e-17,
        0.03845244057441211,
        0.04586215008832559,
        3.150125944219287e-18,
        0.03325008615112915,
        7.413273167423761e-18,
        1.991999660281661e-17,
        0.01461902067949018
      ],
      [
        0.06876521037355865,
        -1.3661317964239016e-17,
        -5.136803176570901e-17,
        0.043545138958929565,
        -4.912511334318019e-17,
        0.04292707487186705,
        0.054435879906307764,
        -3.6820152419366906e-17,
        1.3127253487174721e-17,
        0.038194433089507276,
        0.049483206769144646,
        -1.6190078304037035e-17,
        0.03329977354645167,
        -6.5995287038619936e-18,
        -5.280509688751828e-18,
        0.01613962391524981
      ],
      [
        -2.3841734541279286e-17,
        0.02377789381827877,
        0.040347983563810155,
        -4.1105858329476374e-17,
        0.03717304033258613,
        -7.389823989312971e-18,
        -3.6820152419366906e-17,
        0.0224630643323608,
        0.028984665171284694,
        -1.9550380743907603e-17,
        -3.10284685748371e-17,
        0.015327549958946671,
        -3.2300031296456114e-17,
        0.010376570590678253,
        0.018438998328212844,
        -6.985335339313321e-18
      ],
      [
        7.434095554009291e-17,
        0.05279149380410753,
        0.07935357651487221,
        1.146093205650071e-18,
        0.07497360626021976,
        6.176661161946352e-17,
        1.3127253487174721e-17,
        0.028984665171284694,
        0.09427896023122252,
        4.783306279208881e-17,
        3.593698701866887e-17,
        0.04232432165383578,
        2.133007979809599e-20,
        0.032739924621974524,
        0.040113565808597255,
        3.1889402471834765e-17
      ],
      [
        0.06034869571238169,
        -4.327284720045487e-18,
        -7.003933590634155e-18,
        0.037466731389502385,
        -8.00241858284604e-19,
        0.03845244057441211,
        0.038194433089507276,
        -1.9550380743907603e-17,
        4.783306279208881e-17,
        0.05163437183687089,
        0.05120950123607966,
        -3.199911594590987e-18,
        0.034486369802833226,
        3.0044561820284706e-18,
        8.958357390754123e-18,
        0.01671860627375912
      ],
      [
        0.07484355790445978,
        -2.248057707974358e-17,
        -2.9173243000453595e-17,
        0.04578865986959443,
        -5.830249713398538e-18,
        0.04586215008832559,
        0.049483206769144646,
        -3.10284685748371e-17,
        3.593698701866887e-17,
        0.05120950123607966,
        0.07057050059116968,
        -2.1424162716999853e-17,
        0.04366926467941229,
        -1.0044988764157088e-17,
        -5.621470225393706e-18,
        0.02132160389275532
      ],
      [
        -7.259696276190699e-19,
        0.031672421610175416,
        0.04732161213201101,
        -2.5752511392332697e-17,
        0.033332398959737615,
        3.150125944219287e-18,
        -1.6190078304037035e-17,
        0.015327549958946671,
        0.04232432165383578,
        -3.199911594590987e-18,
        -2.1424162716999853e-17,
        0.03231770644964925,
        -2.4932764591673467e-17,
        0.02606042217597085,
        0.02491467468962754,
        2.7040195564186125e-18
      ],
      [
        0.05396498845468731,
        -3.0550922264769886e-17,
        -4.693284970248929e-17,
        0.03244361520237009,
        -3.580279138303103e-17,
        0.03325008615112915,
        0.03329977354645167,
        -3.2300031296456114e-17,
        2.133007979809599e-20,
        0.034486369802833226,
        0.04366926467941229,
        -2.4932764591673467e-17,
        0.04135743565205598,
        -1.7940681788759494e-17,
        -1.2329928129511857e-17,
        0.01477423133762823
      ],
      [
        6.045994925013238e-18,
        0.03697732069698656,
        0.039701890161486716,
        -1.5407852616824937e-17,
        0.026713985449396148,
        7.413273167423761e-18,
        -6.5995287038619936e-18,
        0.010376570590678253,
        0.032739924621974524,
        3.0044561820284706e-18,
        -1.0044988764157088e-17,
        0.02606042217597085,
        -1.7940681788759494e-17,
        0.03589913919420799,
        0.02791419176415578,
        1.0810559356532395e-17
      ],
      [
        1.67293004118942e-17,
        0.03592113856274901,
        0.04402476267825546,
        -1.458095086504365e-17,
        0.0313656923118859,
        1.991999660281661e-17,
        -5.280509688751828e-18,
        0.018438998328212844,
        0.040113565808597255,
        8.958357390754123e-18,
        -5.621470225393706e-18,
        0.02491467468962754,
        -1.2329928129511857e-17,
        0.02791419176415578,
        0.036030842429500165,
        8.492049097177642e-18
      ],
      [
        0.02464514739485721,
        8.079976481762591e-18,
        -2.7755010597243596e-19,
        0.017378895856184986,
        -1.5933717855374298e-18,
        0.01461902067949018,
        0.01613962391524981,
        -6.985335339313321e-18,
        3.1889402471834765e-17,
        0.01671860627375912,
        0.02132160389275532,
        2.7040195564186125e-18,
        0.01477423133762823,
        1.0810559356532395e-17,
        8.492049097177642e-18,
        0.01508571065559173
      ]
    ],
    "sigma": [
      0.005056549621661696,
      0.001156998640166123,
      0.012242279216868065,
      0.006706769421766457,
      0.0005640035977056735,
      0.012097708462761531,
      0.008219666095308472,
      0.01247061268889807,
      0.03458498407838636,
      0.012862283585831896,
      0.026266498497187284,
      0.01586065564303826,
      0.3951443782821074,
      0.04030673720713607,
      0.40799384235701613,
      0.008466032604159974
    ],
    "noiseless_sigma": [
      0.005056549621661696,
      0.001156998640166123,
      0.012242279216868065,
      0.006706769421766457,
      0.0005640035977056735,
      0.012097708462761531,
      0.008219666095308472,
      0.01247061268889807,
      0.03458498407838636,
      0.012862283585831896,
      0.026266498497187284,
      0.01586065564303826,
      0.3951443782821074,
      0.04030673720713607,
      0.40799384235701613,
      0.008466032604159974
    ],
    "eigenvalues": [
      0.0005640035977056735,
      0.001156998640166123,
      0.005056549621661696,
      0.006706769421766457,
      0.008219666095308472,
      0.008466032604159974,
      0.012097708462761531,
      0.012242279216868065,
      0.01247061268889807,
      0.012862283585831896,
      0.01586065564303826,
      0.026266498497187284,
      0.03458498407838636,
      0.04030673720713607,
      0.3951443782821074,
      0.40799384235701613
    ],
    "noiseless_eigenvalues": [
      0.0005640035977056735,
      0.001156998640166123,
      0.005056549621661696,
      0.006706769421766457,
      0.008219666095308472,
      0.008466032604159974,
      0.012097708462761531,
      0.012242279216868065,
      0.01247061268889807,
      0.012862283585831896,
      0.01586065564303826,
      0.026266498497187284,
      0.03458498407838636,
      0.04030673720713607,
      0.3951443782821074,
      0.40799384235701613
    ],
    "hamiltonian_eigenvalues": [
      -3.9840377797112474,
      -3.9440366931201343,
      -1.090620966346128,
      -0.8992471792894507,
      -0.5553405594060283,
      0.07522537937135088,
      0.33715322805376235,
      0.3758087084287265,
      0.3989079849768382,
      0.41375725854310375,
      0.8599498312243288,
      0.8968653387809091,
      1.1511306005950672,
      1.5041718756333253,
      3.3477407316979857,
      4.245895633565892
    ],
    "noiseless_hamiltonian_eigenvalues": [
      -3.9840377797112474,
      -3.9440366931201343,
      -1.090620966346128,
      -0.8992471792894507,
      -0.5553405594060283,
      0.07522537937135088,
      0.33715322805376235,
      0.3758087084287265,
      0.3989079849768382,
      0.41375725854310375,
      0.8599498312243288,
      0.8968653387809091,
      1.1511306005950672,
      1.5041718756333253,
      3.3477407316979857,
      4.245895633565892
    ]
  },
  "exact_result": {
    "hamiltonian_matrix": [
      [
        [
          -2.0,
          0.0
        ],
        [
          0.0,
          0.0
        ],
        [
          0.0,
          0.0
        ],
        [
          -1.0,
          0.0
        ],
        [
          0.0,
          0.0
        ],
        [
          0.0,
          0.0
        ],
        [
          -1.0,
          0.0
        ],
        [
          0.0,
          0.0
        ],
        [
          0.0,
          0.0
        ],
        [
          -1.0,
          0.0
        ],
        [
          0.0,
          0.0
        ],
        [
          0.0,
          0.0
        ],
        [
          -1.0,
          0.0
        ],
        [
          0.0,
          0.0
        ],
        [
          0.0,
          0.0
        ],
        [
          0.0,
          0.0
        ]
      ],
      [
        [
          0.0,
          0.0
        ],
        [
          -1.0,
          0.0
        ],
        [
          -1.0,
          0.0
        ],
        [
          0.0,
          0.0
        ],
        [
          0.0,
          0.0
        ],
        [
          0.0,
          0.0
        ],
        [
          0.0,
          0.0
        ],
        [
          -1.0,
          0.0
        ],
        [
          -1.0,
          0.0
        ],
        [
          0.0,
          0.0
        ],
        [
          0.0,
          0.0
        ],
        [
          0.0,
          0.0
        ],
        [
          0.0,
          0.0
        ],
        [
          -1.0,
          0.0
        ],
        [
          0.0,
          0.0
        ],
        [
          0.0,
          0.0
        ]
      ],
      [
        [
          0.0,
          0.0
        ],
        [
          -1.0,
          0.0
        ],
        [
          -1.0,
          0.0
        ],
        [
          0.0,
          0.0
        ],
        [
          -1.0,
          0.0
        ],
        [
          0.0,
          0.0
        ],
        [
          0.0,
          0.0
        ],
        [
          0.0,
          0.0
        ],
        [
          0.0,
          0.0
        ],
        [
          0.0,
          0.0
        ],
        [
          0.0,
          0.0
        ],
        [
          -1.0,
          0.0
        ],
        [
          0.0,
          0.0
        ],
        [
          0.0,
          0.0
        ],
        [
          -1.0,
          0.0
        ],
        [
          0.0,
          0.0
        ]
      ],
      [
        [
          -1.0,
          0.0
        ],
        [
          0.0,
          0.0
        ],
        [
          0.0,
          0.0
        ],
        [
          0.0,
          0.0
        ],
        [
          0.0,
          0.0
        ],
        [
          -1.0,
          0.0
        ],
        [
          0.0,
          0.0
        ],
        [
          0.0,
          0.0
        ],
        [
          0.0,
          0.0
        ],
        [
          0.0,
          0.0
        ],
        [
          -1.0,
          0.0
        ],
        [
          0.0,
          0.0
        ],
        [
          0.0,
          0.0
        ],
        [
          0.0,
          0.0
        ],
        [
          0.0,
          0.0
        ],
        [
          -1.0,
          0.0
        ]
      ],
      [
        [
          0.0,
          0.0
        ],
        [
          0.0,
          0.0
        ],
        [
          -1.0,
          0.0
        ],
        [
          0.0,
          0.0
        ],
        [
          -1.0,
          0.0
        ],
        [
          0.0,
          0.0
        ],
        [
          0.0,
          0.0
        ],
        [
          -1.0,
          0.0
        ],
        [
          -1.0,
          0.0
        ],
        [
          0.0,
          0.0
        ],
        [
          0.0,
          0.0
        ],
        [
          0.0,
          0.0
        ],
        [
          0.0,
          0.0
        ],
        [
          -1.0,
          0.0
        ],
        [
          0.0,
          0.0
        ],
        [
          0.0,
          0.0
        ]
      ],
      [
        [
          0.0,
          0.0
        ],
        [
          0.0,
          0.0
        ],
        [
          0.0,
          0.0
        ],
        [
          -1.0,
          0.0
        ],
        [
          0.0,
          0.0
        ],
        [
          0.0,
          0.0
        ],
        [
          -1.0,
          0.0
        ],
        [
          0.0,
          0.0
        ],
        [
          0.0,
          0.0
        ],
        [
          -1.0,
          0.0
        ],
        [
          0.0,
          0.0
        ],
        [
          0.0,
          0.0
        ],
        [
          -1.0,
          0.0
        ],
        [
          0.0,
          0.0
        ],
        [
          0.0,
          0.0
        ],
        [
          0.0,
          0.0
        ]
      ],
      [
        [
          -1.0,
          0.0
        ],
        [
          0.0,
          0.0
        ],
        [
          0.0,
          0.0
        ],
        [
          0.0,
          0.0
        ],
        [
          0.0,
          0.0
        ],
        [
          -1.0,
          0.0
        ],
        [
          0.0,
          0.0
        ],
        [
          0.0,
          0.0
        ],
        [
          0.0,
          0.0
        ],
        [
          0.0,
          0.0
        ],
        [
          -1.0,
          0.0
        ],
        [
          0.0,
          0.0
        ],
        [
          0.0,
          0.0
        ],
        [
          0.0,
          0.0
        ],
        [
          0.0,
          0.0
        ],
        [
          -1.0,
          0.0
        ]
      ],
      [
        [
          0.0,
          0.0
        ],
        [
          -1.0,
          0.0
        ],
        [
          0.0,
          0.0
        ],
        [
          0.0,
          0.0
        ],
        [
          -1.0,
          0.0
        ],
        [
          0.0,
          0.0
        ],
        [
          0.0,
          0.0
        ],
        [
          1.0,
          0.0
        ],
        [
          0.0,
          0.0
        ],
        [
          0.0,
          0.0
        ],
        [
          0.0,
          0.0
        ],
        [
          -1.0,
          0.0
        ],
        [
          0.0,
          0.0
        ],
        [
          0.0,
          0.0
        ],
        [
          -1.0,
          0.0
        ],
        [
          0.0,
          0.0
        ]
      ],
      [
        [
          0.0,
          0.0
        ],
        [
          -1.0,
          0.0
        ],
        [
          0.0,
          0.0
        ],
        [
          0.0,
          0.0
        ],
        [
          -1.0,
          0.0
        ],
        [
          0.0,
          0.0
        ],
        [
          0.0,
          0.0
        ],
        [
          0.0,
          0.0
        ],
        [
          -1.0,
          0.0
        ],
        [
          0.0,
          0.0
        ],
        [
          0.0,
          0.0
        ],
        [
          -1.0,
          0.0
        ],
        [
          0.0,
          0.0
        ],
        [
          0.0,
          0.0
        ],
        [
          -1.0,
          0.0
        ],
        [
          0.0,
          0.0
        ]
      ],
      [
        [
          -1.0,
          0.0
        ],
        [
          0.0,
          0.0
        ],
        [
          0.0,
          0.0
        ],
        [
          0.0,
          0.0
        ],
        [
          0.0,
          0.0
        ],
        [
          -1.0,
          0.0
        ],
        [
          0.0,
          0.0
        ],
        [
          0.0,
          0.0
        ],
        [
          0.0,
          0.0
        ],
        [
          0.0,
          0.0
        ],
        [
          -1.0,
          0.0
        ],
        [
          0.0,
          0.0
        ],
        [
          0.0,
          0.0
        ],
        [
          0.0,
          0.0
        ],
        [
          0.0,
          0.0
        ],
        [
          -1.0,
          0.0
        ]
      ],
      [
        [
          0.0,
          0.0
        ],
        [
          0.0,
          0.0
        ],
        [
          0.0,
          0.0
        ],
        [
          -1.0,
          0.0
        ],
        [
          0.0,
          0.0
        ],
        [
          0.0,
          0.0
        ],
        [
          -1.0,
          0.0
        ],
        [
          0.0,
          0.0
        ],
        [
          0.0,
          0.0
        ],
        [
          -1.0,
          0.0
        ],
        [
          0.0,
          0.0
        ],
        [
          0.0,
          0.0
        ],
        [
          -1.0,
          0.0
        ],
        [
          0.0,
          0.0
        ],
        [
          0.0,
          0.0
        ],
        [
          0.0,
          0.0
        ]
      ],
      [
        [
          0.0,
          0.0
        ],
        [
          0.0,
          0.0
        ],
        [
          -1.0,
          0.0
        ],
        [
          0.0,
          0.0
        ],
        [
          0.0,
          0.0
        ],
        [
          0.0,
          0.0
        ],
        [
          0.0,
          0.0
        ],
        [
          -1.0,
          0.0
        ],
        [
          -1.0,
          0.0
        ],
        [
          0.0,
          0.0
        ],
        [
          0.0,
          0.0
        ],
        [
          1.0,
          0.0
        ],
        [
          0.0,
          0.0
        ],
        [
          -1.0,
          0.0
        ],
        [
          0.0,
          0.0
        ],
        [
          0.0,
          0.0
        ]
      ],
      [
        [
          -1.0,
          0.0
        ],
        [
          0.0,
          0.0
        ],
        [
          0.0,
          0.0
        ],
        [
          0.0,
          0.0
        ],
        [
          0.0,
          0.0
        ],
        [
          -1.0,
          0.0
        ],
        [
          0.0,
          0.0
        ],
        [
          0.0,
          0.0
        ],
        [
          0.0,
          0.0
        ],
        [
          0.0,
          0.0
        ],
        [
          -1.0,
          0.0
        ],
        [
          0.0,
          0.0
        ],
        [
          0.0,
          0.0
        ],
        [
          0.0,
          0.0
        ],
        [
          0.0,
          0.0
        ],
        [
          -1.0,
          0.0
        ]
      ],
      [
        [
          0.0,
          0.0
        ],
        [
          -1.0,
          0.0
        ],
        [
          0.0,
          0.0
        ],
        [
          0.0,
          0.0
        ],
        [
          -1.0,
          0.0
        ],
        [
          0.0,
          0.0
        ],
        [
          0.0,
          0.0
        ],
        [
          0.0,
          0.0
        ],
        [
          0.0,
          0.0
        ],
        [
          0.0,
          0.0
        ],
        [
          0.0,
          0.0
        ],
        [
          -1.0,
          0.0
        ],
        [
          0.0,
          0.0
        ],
        [
          1.0,
          0.0
        ],
        [
          -1.0,
          0.0
        ],
        [
          0.0,
          0.0
        ]
      ],
      [
        [
          0.0,
          0.0
        ],
        [
          0.0,
          0.0
        ],
        [
          -1.0,
          0.0
        ],
        [
          0.0,
          0.0
        ],
        [
          0.0,
          0.0
        ],
        [
          0.0,
          0.0
        ],
        [
          0.0,
          0.0
        ],
        [
          -1.0,
          0.0
        ],
        [
          -1.0,
          0.0
        ],
        [
          0.0,
          0.0
        ],
        [
          0.0,
          0.0
        ],
        [
          0.0,
          0.0
        ],
        [
          0.0,
          0.0
        ],
        [
          -1.0,
          0.0
        ],
        [
          1.0,
          0.0
        ],
        [
          0.0,
          0.0
        ]
      ],
      [
        [
          0.0,
          0.0
        ],
        [
          0.0,
          0.0
        ],
        [
          0.0,
          0.0
        ],
        [
          -1.0,
          0.0
        ],
        [
          0.0,
          0.0
        ],
        [
          0.0,
          0.0
        ],
        [
          -1.0,
          0.0
        ],
        [
          0.0,
          0.0
        ],
        [
          0.0,
          0.0
        ],
        [
          -1.0,
          0.0
        ],
        [
          0.0,
          0.0
        ],
        [
          0.0,
          0.0
        ],
        [
          -1.0,
          0.0
        ],
        [
          0.0,
          0.0
        ],
        [
          0.0,
          0.0
        ],
        [
          2.0,
          0.0
        ]
      ]
    ],
    "gibbs_state": [
      [
        0.1595954030329215,
        0.0,
        0.0,
        0.07347813183341878,
        0.0,
        0.061138896736126755,
        0.07347813183341878,
        0.0,
        0.0,
        0.07347813183341878,
        0.061138896736126755,
        0.0,
        0.07347813183341878,
        0.0,
        0.0,
        0.0442375337082322
      ],
      [
        0.0,
        0.09025689451053058,
        0.06947578983337588,
        0.0,
        0.06050400429894727,
        0.0,
        0.0,
        0.044807847704752955,
        0.06947578983337588,
        0.0,
        0.0,
        0.04129798422010498,
        0.0,
        0.04480784770475296,
        0.04129798422010498,
        0.0
      ],
      [
        0.0,
        0.06947578983337586,
        0.09025689451053057,
        0.0,
        0.06947578983337586,
        0.0,
        0.0,
        0.04129798422010498,
        0.06050400429894728,
        0.0,
        0.0,
        0.04480784770475296,
        0.0,
        0.04129798422010498,
        0.044807847704752955,
        0.0
      ],
      [
        0.07347813183341875,
        0.0,
        0.0,
        0.05481524314034053,
        0.0,
        0.04290868346535541,
        0.04144640780207638,
        0.0,
        0.0,
        0.04144640780207638,
        0.04290868346535541,
        0.0,
        0.04144640780207638,
        0.0,
        0.0,
        0.029240598125186576
      ],
      [
        0.0,
        0.06050400429894727,
        0.06947578983337586,
        0.0,
        0.09025689451053057,
        0.0,
        0.0,
        0.044807847704752955,
        0.06947578983337588,
        0.0,
        0.0,
        0.04129798422010498,
        0.0,
        0.04480784770475295,
        0.04129798422010498,
        0.0
      ],
      [
        0.06113889673612675,
        0.0,
        0.0,
        0.04290868346535541,
        0.0,
        0.05202411723418471,
        0.04290868346535541,
        0.0,
        0.0,
        0.04290868346535541,
        0.03865528189592056,
        0.0,
        0.04290868346535541,
        0.0,
        0.0,
        0.027336170680337658
      ],
      [
        0.07347813183341877,
        0.0,
        0.0,
        0.041446407802076375,
        0.0,
        0.04290868346535542,
        0.05481524314034053,
        0.0,
        0.0,
        0.041446407802076375,
        0.04290868346535542,
        0.0,
        0.041446407802076375,
        0.0,
        0.0,
        0.029240598125186573
      ],
      [
        0.0,
        0.04480784770475296,
        0.04129798422010498,
        0.0,
        0.04480784770475295,
        0.0,
        0.0,
        0.033576104166983936,
        0.04129798422010497,
        0.0,
        0.0,
        0.028177805613270893,
        0.0,
        0.027569099232988,
        0.028177805613270893,
        0.0
      ],
      [
        0.0,
        0.06947578983337586,
        0.060504004298947256,
        0.0,
        0.06947578983337586,
        0.0,
        0.0,
        0.04129798422010497,
        0.09025689451053057,
        0.0,
        0.0,
        0.04480784770475294,
        0.0,
        0.041297984220104965,
        0.04480784770475294,
        0.0
      ],
      [
        0.07347813183341878,
        0.0,
        0.0,
        0.04144640780207638,
        0.0,
        0.04290868346535542,
        0.04144640780207638,
        0.0,
        0.0,
        0.05481524314034053,
        0.04290868346535542,
        0.0,
        0.04144640780207638,
        0.0,
        0.0,
        0.029240598125186573
      ],
      [
        0.061138896736126734,
        0.0,
        0.0,
        0.042908683465355396,
        0.0,
        0.03865528189592056,
        0.042908683465355396,
        0.0,
        0.0,
        0.042908683465355396,
        0.05202411723418471,
        0.0,
        0.042908683465355396,
        0.0,
        0.0,
        0.027336170680337658
      ],
      [
        0.0,
        0.04129798422010497,
        0.04480784770475295,
        0.0,
        0.04129798422010497,
        0.0,
        0.0,
        0.028177805613270893,
        0.04480784770475295,
        0.0,
        0.0,
        0.033576104166983936,
        0.0,
        0.028177805613270893,
        0.027569099232988,
        0.0
      ],
      [
        0.07347813183341878,
        0.0,
        0.0,
        0.04144640780207638,
        0.0,
        0.04290868346535542,
        0.04144640780207638,
        0.0,
        0.0,
        0.04144640780207638,
        0.04290868346535542,
        0.0,
        0.05481524314034053,
        0.0,
        0.0,
        0.029240598125186576
      ],
      [
        0.0,
        0.044807847704752955,
        0.04129798422010497,
        0.0,
        0.04480784770475295,
        0.0,
        0.0,
        0.027569099232988,
        0.04129798422010498,
        0.0,
        0.0,
        0.028177805613270893,
        0.0,
        0.033576104166983936,
        0.028177805613270893,
        0.0
      ],
      [
        0.0,
        0.04129798422010498,
        0.04480784770475295,
        0.0,
        0.04129798422010497,
        0.0,
        0.0,
        0.028177805613270893,
        0.04480784770475295,
        0.0,
        0.0,
        0.027569099232988,
        0.0,
        0.028177805613270893,
        0.033576104166983936,
        0.0
      ],
      [
        0.044237533708232205,
        0.0,
        0.0,
        0.029240598125186576,
        0.0,
        0.027336170680337668,
        0.029240598125186576,
        0.0,
        0.0,
        0.029240598125186576,
        0.027336170680337668,
        0.0,
        0.029240598125186576,
        0.0,
        0.0,
        0.021763395227288998
      ]
    ],
    "energy": -3.508830278949202,
    "entropy": 1.5077647785807016,
    "cost": -5.393536252175079,
    "eigenvalues": [
      0.00043853289588141153,
      0.00045116231466095605,
      0.004634279606630412,
      0.006007004933995929,
      0.006007004933995944,
      0.011068153108217758,
      0.013368835338264126,
      0.013368835338264126,
      0.013368835338264152,
      0.013368835338264164,
      0.016147749001495286,
      0.029752890211583262,
      0.02975289021158332,
      0.03856602826594922,
      0.3961451399945254,
      0.40755382316842437
    ],
    "hamiltonian_eigenvalues": [
      -4.271558410139714,
      -4.23606797749979,
      -1.3243068937239126,
      -1.0000000000000004,
      -1.0,
      -0.23606797749978978,
      -5.004354428574223e-16,
      -8.53653240412687e-17,
      4.944816257507461e-17,
      2.0024993085310826e-16,
      0.23606797749978953,
      0.9999999999999996,
