{
  "n": 4,
  "J": 1.0,
  "h": 0.5,
  "beta": 1.0,
  "calculated_result": {
    "n": 4,
    "J": 1.0,
    "h": 0.5,
    "beta": 1.0,
    "params": [
      -2.5868305244174348,
      13.313394446611364,
      3.9756410064230074,
      20.8301124159063,
      -0.43096215957684597,
      -2.504714654802572,
      13.739444118426233,
      24.683261189668286,
      12.89117112444612,
      -3.5876938485799776,
      15.733295340133495,
      4.935156808496038,
      -3.666617789912303,
      0.5494435097888246,
      1.8964794001723497,
      -2.976549159133035,
      5.7953383335794095,
      -10.582196040388997,
      0.02100347597205114,
      -6.489083236900391,
      0.007334616261147791,
      -7.9269772435745685,
      -1.51879317126384,
      1.6508957230887966,
      2.29889131313696,
      1.2169555363400457,
      4.89566812883372,
      -3.5210273601912077,
      -0.22582542022077168,
      6.462929108643556,
      -14.443902963982206,
      9.987035672836912,
      18.125154303410547,
      -8.746306650441905
    ],
    "cost": -4.860003370669554,
    "energy": -3.6032542249417876,
    "entropy": 1.256749145727766,
    "rho": [
      [
        0.1116994580119559,
        -2.837741215780577e-17,
        -5.030669219048205e-17,
        0.06067208115795017,
        1.356272134211131e-17,
        0.04703445063511047,
        0.055639392748088615,
        -2.4370958826273247e-17,
        9.735652002710974e-18,
        0.07263500633817567,
        0.07297132585716049,
        -2.96660906889635e-17,
        0.07772077045722897,
        4.206899466833717e-17,
        -6.019518491946182e-18,
        0.048683504499730745
      ],
      [
        -2.837741215780577e-17,
        0.08981526855487185,
        0.06952010931812984,
        5.705584586956941e-18,
        0.07191627846374626,
        2.9005791704040414e-17,
        -2.6213876589838437e-17,
        0.05559432555641372,
        0.08226374589180835,
        -2.878865138658751e-17,
        -1.203322852537866e-18,
        0.05703380245285133,
        2.976536780875975e-17,
        0.04797112783508768,
        0.043635208234376714,
        -3.33456873071945e-17
      ],
      [
        -5.030669219048205e-17,
        0.06952010931812984,
        0.07095459374322678,
        -1.8056665604902426e-18,
        0.0699301064574479,
        1.779755085735388e-17,
        -2.7344139172048234e-17,
        0.044136402964890374,
        0.0781872632969021,
        -4.1795149345653105e-17,
        -1.891768582531343e-17,
        0.049038978950194635,
        1.6829739951607958e-17,
        0.03964452611701133,
        0.04126844482175471,
        -4.56992799236783e-17
      ],
      [
        0.06067208115795017,
        5.705584586956941e-18,
        -1.8056665604902426e-18,
        0.050806181999187225,
        3.866519081355605e-17,
        0.04324904840730191,
        0.03129156904579705,
        -9.775294306856588e-18,
        3.982708024573605e-17,
        0.05294482754467868,
        0.04263104420896214,
        8.930412347020849e-18,
        0.04317618300727252,
        4.991136313418968e-17,
        1.694834928330531e-17,
        0.03420097572042988
      ],
      [
        1.356272134211131e-17,
        0.07191627846374626,
        0.0699301064574479,
        3.866519081355605e-17,
        0.07616729073709781,
        5.100501916156978e-17,
        4.200750929347351e-18,
        0.048592868626670234,
        0.08186745093770013,
        5.524561686021768e-18,
        2.988128321812259e-17,
        0.051851079740699524,
        6.687553207327621e-17,
        0.04112620039660762,
        0.04181406354583831,
        -1.6363368468148888e-17
      ],
      [
        0.04703445063511047,
        2.9005791704040414e-17,
        1.779755085735388e-17,
        0.04324904840730191,
        5.100501916156978e-17,
        0.04108258784371248,
        0.02498401525352388,
        5.192750588398945e-18,
        4.9804136954570487e-17,
        0.04644477117850543,
        0.03402840709086733,
        2.3352842251958465e-17,
        0.033961640743880604,
        5.6263734925722e-17,
        2.5261973303907372e-17,
        0.027088885295335874
      ],
      [
        0.055639392748088615,
        -2.6213876589838437e-17,
        -2.7344139172048234e-17,
        0.03129156904579705,
        4.200750929347351e-18,
        0.02498401525352388,
        0.030426937035015436,
        -1.8584035082356443e-17,
        3.416967885014282e-20,
        0.03733997423470158,
        0.03820719023380584,
        -2.1545548405858447e-17,
        0.03848728263650388,
        1.5328233914580693e-17,
        -6.349186989627812e-18,
        0.0257437163823921
      ],
      [
        -2.4370958826273247e-17,
        0.05559432555641372,
        0.044136402964890374,
        -9.775294306856588e-18,
        0.048592868626670234,
        5.192750588398945e-18,
        -1.8584035082356443e-17,
        0.03738005683087059,
        0.053836626160858395,
        -2.3743262251417433e-17,
        -8.501101121751419e-19,
        0.03708660165880465,
        2.2157136146352133e-17,
        0.03009475945352452,
        0.027563402504937617,
        -2.3816950342436746e-17
      ],
      [
        9.735652002710974e-18,
        0.08226374589180835,
        0.0781872632969021,
        3.982708024573605e-17,
        0.08186745093770013,
        4.9804136954570487e-17,
        3.416967885014282e-20,
        0.053836626160858395,
        0.11518225430201608,
        3.835674289358345e-18,
        2.900046943077868e-17,
        0.0695435355143368,
        7.733192743895918e-17,
        0.053675246930324244,
        0.05846061179886221,
        -2.3489758291925397e-17
      ],
      [
        0.07263500633817567,
        -2.878865138658751e-17,
        -4.1795149345653105e-17,
        0.05294482754467868,
        5.524561686021768e-18,
        0.04644477117850543,
        0.03733997423470158,
        -2.3743262251417433e-17,
        3.835674289358345e-18,
        0.08308435435511982,
        0.060554961618935775,
        -1.840512635988692e-17,
        0.061370039037028874,
        4.183196444741852e-17,
        -4.5798138029370895e-18,
        0.04977930113023747
      ],
      [
        0.07297132585716049,
        -1.203322852537866e-18,
        -1.891768582531343e-17,
        0.04263104420896214,
        2.988128321812259e-17,
        0.03402840709086733,
        0.03820719023380584,
        -8.501101121751419e-19,
        2.900046943077868e-17,
        0.060554961618935775,
        0.06623326172844718,
        -7.81165826728223e-18,
        0.06768208735735518,
        4.434713333278651e-17,
        5.3288363947099e-18,
        0.04125255461833446
      ],
      [
        -2.96660906889635e-17,
        0.05703380245285133,
        0.049038978950194635,
        8.930412347020849e-18,
        0.051851079740699524,
        2.3352842251958465e-17,
        -2.1545548405858447e-17,
        0.03708660165880465,
        0.0695435355143368,
        -1.840512635988692e-17,
        -7.81165826728223e-18,
        0.0502799178107269,
        1.609437998311271e-17,
        0.03966993769693026,
        0.034848913040769376,
        -3.063500746929369e-17
      ],
      [
        0.07772077045722897,
        2.976536780875975e-17,
        1.6829739951607958e-17,
        0.04317618300727252,
        6.687553207327621e-17,
        0.033961640743880604,
        0.03848728263650388,
        2.2157136146352133e-17,
        7.733192743895918e-17,
        0.061370039037028874,
        0.06768208735735518,
        1.609437998311271e-17,
        0.07391981597839527,
        6.265297613111592e-17,
        2.9875262435383954e-17,
        0.04283377721547071
      ],
      [
        4.206899466833717e-17,
        0.04797112783508768,
        0.03964452611701133,
        4.991136313418968e-17,
        0.04112620039660762,
        5.6263734925722e-17,
        1.5328233914580693e-17,
        0.03009475945352452,
        0.053675246930324244,
        4.183196444741852e-17,
        4.434713333278651e-17,
        0.03966993769693026,
        6.265297613111592e-17,
        0.035843251724904934,
        0.029812895680996328,
        1.2866580208564167e-17
      ],
      [
        -6.019518491946182e-18,
        0.043635208234376714,
        0.04126844482175471,
        1.694834928330531e-17,
        0.04181406354583831,
        2.5261973303907372e-17,
        -6.349186989627812e-18,
        0.027563402504937617,
        0.05846061179886221,
        -4.5798138029370895e-18,
        5.3288363947099e-18,
        0.034848913040769376,
        2.9875262435383954e-17,
        0.029812895680996328,
        0.03298841903821038,
        -1.5886699288188838e-17
      ],
      [
        0.048683504499730745,
        -3.33456873071945e-17,
        -4.56992799236783e-17,
        0.03420097572042988,
        -1.6363368468148888e-17,
        0.027088885295335874,
        0.0257437163823921,
        -2.3816950342436746e-17,
        -2.3489758291925397e-17,
        0.04977930113023747,
        0.04125255461833446,
        -3.063500746929369e-17,
        0.04283377721547071,
        1.2866580208564167e-17,
        -1.5886699288188838e-17,
        0.03413635030623892
      ]
    ],
    "noiseless_rho": [
      [
        0.1116994580119559,
        -2.837741215780577e-17,
        -5.030669219048205e-17,
        0.06067208115795017,
        1.356272134211131e-17,
        0.04703445063511047,
        0.055639392748088615,
        -2.4370958826273247e-17,
        9.735652002710974e-18,
        0.07263500633817567,
        0.07297132585716049,
        -2.96660906889635e-17,
        0.07772077045722897,
        4.206899466833717e-17,
        -6.019518491946182e-18,
        0.048683504499730745
      ],
      [
        -2.837741215780577e-17,
        0.08981526855487185,
        0.06952010931812984,
        5.705584586956941e-18,
        0.07191627846374626,
        2.9005791704040414e-17,
        -2.6213876589838437e-17,
        0.05559432555641372,
        0.08226374589180835,
        -2.878865138658751e-17,
        -1.203322852537866e-18,
        0.05703380245285133,
        2.976536780875975e-17,
        0.04797112783508768,
        0.043635208234376714,
        -3.33456873071945e-17
      ],
      [
        -5.030669219048205e-17,
        0.06952010931812984,
        0.07095459374322678,
        -1.8056665604902426e-18,
        0.0699301064574479,
        1.779755085735388e-17,
        -2.7344139172048234e-17,
        0.044136402964890374,
        0.0781872632969021,
        -4.1795149345653105e-17,
        -1.891768582531343e-17,
        0.049038978950194635,
        1.6829739951607958e-17,
        0.03964452611701133,
        0.04126844482175471,
        -4.56992799236783e-17
      ],
      [
        0.06067208115795017,
        5.705584586956941e-18,
        -1.8056665604902426e-18,
        0.050806181999187225,
        3.866519081355605e-17,
        0.04324904840730191,
        0.03129156904579705,
        -9.775294306856588e-18,
        3.982708024573605e-17,
        0.05294482754467868,
        0.04263104420896214,
        8.930412347020849e-18,
        0.04317618300727252,
        4.991136313418968e-17,
        1.694834928330531e-17,
        0.03420097572042988
      ],
      [
        1.356272134211131e-17,
        0.07191627846374626,
        0.0699301064574479,
        3.866519081355605e-17,
        0.07616729073709781,
        5.100501916156978e-17,
        4.200750929347351e-18,
        0.048592868626670234,
        0.08186745093770013,
        5.524561686021768e-18,
        2.988128321812259e-17,
        0.051851079740699524,
        6.687553207327621e-17,
        0.04112620039660762,
        0.04181406354583831,
        -1.6363368468148888e-17
      ],
      [
        0.04703445063511047,
        2.9005791704040414e-17,
        1.779755085735388e-17,
        0.04324904840730191,
        5.100501916156978e-17,
        0.04108258784371248,
        0.02498401525352388,
        5.192750588398945e-18,
        4.9804136954570487e-17,
        0.04644477117850543,
        0.03402840709086733,
        2.3352842251958465e-17,
        0.033961640743880604,
        5.6263734925722e-17,
        2.5261973303907372e-17,
        0.027088885295335874
      ],
      [
        0.055639392748088615,
        -2.6213876589838437e-17,
        -2.7344139172048234e-17,
        0.03129156904579705,
        4.200750929347351e-18,
        0.02498401525352388,
        0.030426937035015436,
        -1.8584035082356443e-17,
        3.416967885014282e-20,
        0.03733997423470158,
        0.03820719023380584,
        -2.1545548405858447e-17,
        0.03848728263650388,
        1.5328233914580693e-17,
        -6.349186989627812e-18,
        0.0257437163823921
      ],
      [
        -2.4370958826273247e-17,
        0.05559432555641372,
        0.044136402964890374,
        -9.775294306856588e-18,
        0.048592868626670234,
        5.192750588398945e-18,
        -1.8584035082356443e-17,
        0.03738005683087059,
        0.053836626160858395,
        -2.3743262251417433e-17,
        -8.501101121751419e-19,
        0.03708660165880465,
        2.2157136146352133e-17,
        0.03009475945352452,
        0.027563402504937617,
        -2.3816950342436746e-17
      ],
      [
        9.735652002710974e-18,
        0.08226374589180835,
        0.0781872632969021,
        3.982708024573605e-17,
        0.08186745093770013,
        4.9804136954570487e-17,
        3.416967885014282e-20,
        0.053836626160858395,
        0.11518225430201608,
        3.835674289358345e-18,
        2.900046943077868e-17,
        0.0695435355143368,
        7.733192743895918e-17,
        0.053675246930324244,
        0.05846061179886221,
        -2.3489758291925397e-17
      ],
      [
        0.07263500633817567,
        -2.878865138658751e-17,
        -4.1795149345653105e-17,
        0.05294482754467868,
        5.524561686021768e-18,
        0.04644477117850543,
        0.03733997423470158,
        -2.3743262251417433e-17,
        3.835674289358345e-18,
        0.08308435435511982,
        0.060554961618935775,
        -1.840512635988692e-17,
        0.061370039037028874,
        4.183196444741852e-17,
        -4.5798138029370895e-18,
        0.04977930113023747
      ],
      [
        0.07297132585716049,
        -1.203322852537866e-18,
        -1.891768582531343e-17,
        0.04263104420896214,
        2.988128321812259e-17,
        0.03402840709086733,
        0.03820719023380584,
        -8.501101121751419e-19,
        2.900046943077868e-17,
        0.060554961618935775,
        0.06623326172844718,
        -7.81165826728223e-18,
        0.06768208735735518,
        4.434713333278651e-17,
        5.3288363947099e-18,
        0.04125255461833446
      ],
      [
        -2.96660906889635e-17,
        0.05703380245285133,
        0.049038978950194635,
        8.930412347020849e-18,
        0.051851079740699524,
        2.3352842251958465e-17,
        -2.1545548405858447e-17,
        0.03708660165880465,
        0.0695435355143368,
        -1.840512635988692e-17,
        -7.81165826728223e-18,
        0.0502799178107269,
        1.609437998311271e-17,
        0.03966993769693026,
        0.034848913040769376,
        -3.063500746929369e-17
      ],
      [
        0.07772077045722897,
        2.976536780875975e-17,
        1.6829739951607958e-17,
        0.04317618300727252,
        6.687553207327621e-17,
        0.033961640743880604,
        0.03848728263650388,
        2.2157136146352133e-17,
        7.733192743895918e-17,
        0.061370039037028874,
        0.06768208735735518,
        1.609437998311271e-17,
        0.07391981597839527,
        6.265297613111592e-17,
        2.9875262435383954e-17,
        0.04283377721547071
      ],
      [
        4.206899466833717e-17,
        0.04797112783508768,
        0.03964452611701133,
        4.991136313418968e-17,
        0.04112620039660762,
        5.6263734925722e-17,
        1.5328233914580693e-17,
        0.03009475945352452,
        0.053675246930324244,
        4.183196444741852e-17,
        4.434713333278651e-17,
        0.03966993769693026,
        6.265297613111592e-17,
        0.035843251724904934,
        0.029812895680996328,
        1.2866580208564167e-17
      ],
      [
        -6.019518491946182e-18,
        0.043635208234376714,
        0.04126844482175471,
        1.694834928330531e-17,
        0.04181406354583831,
        2.5261973303907372e-17,
        -6.349186989627812e-18,
        0.027563402504937617,
        0.05846061179886221,
        -4.5798138029370895e-18,
        5.3288363947099e-18,
        0.034848913040769376,
        2.9875262435383954e-17,
        0.029812895680996328,
        0.03298841903821038,
        -1.5886699288188838e-17
      ],
      [
        0.048683504499730745,
        -3.33456873071945e-17,
        -4.56992799236783e-17,
        0.03420097572042988,
        -1.6363368468148888e-17,
        0.027088885295335874,
        0.0257437163823921,
        -2.3816950342436746e-17,
        -2.3489758291925397e-17,
        0.04977930113023747,
        0.04125255461833446,
        -3.063500746929369e-17,
        0.04283377721547071,
        1.2866580208564167e-17,
        -1.5886699288188838e-17,
        0.03413635030623892
      ]
    ],
    "sigma": [
      0.004346521616648004,
      0.0005260139251810457,
      0.005929834499667495,
      0.0003361967188800659,
      8.416007977315624e-05,
      8.21469541374229e-05,
      0.003422591856919359,
      0.0037049952311082415,
      0.010870984117389987,
      0.010152730681745374,
      0.414958325417391,
      0.026865515801122005,
      0.033983922484893916,
      0.006606576893317522,
      0.4540229721943659,
      0.024106511527457065
    ],
    "noiseless_sigma": [
      0.004346521616648004,
      0.0005260139251810457,
      0.005929834499667495,
      0.0003361967188800659,
      8.416007977315624e-05,
      8.21469541374229e-05,
      0.003422591856919359,
      0.0037049952311082415,
      0.010870984117389987,
      0.010152730681745374,
      0.414958325417391,
      0.026865515801122005,
      0.033983922484893916,
      0.006606576893317522,
      0.4540229721943659,
      0.024106511527457065
    ],
    "eigenvalues": [
      8.21469541374229e-05,
      8.416007977315624e-05,
      0.0003361967188800659,
      0.0005260139251810457,
      0.003422591856919359,
      0.0037049952311082415,
      0.004346521616648004,
      0.005929834499667495,
      0.006606576893317522,
      0.010152730681745374,
      0.010870984117389987,
      0.024106511527457065,
      0.026865515801122005,
      0.033983922484893916,
      0.414958325417391,
      0.4540229721943659
    ],
    "noiseless_eigenvalues": [
      8.21469541374229e-05,
      8.416007977315624e-05,
      0.0003361967188800659,
      0.0005260139251810457,
      0.003422591856919359,
      0.0037049952311082415,
      0.004346521616648004,
      0.005929834499667495,
      0.006606576893317522,
      0.010152730681745374,
      0.010870984117389987,
      0.024106511527457065,
      0.026865515801122005,
      0.033983922484893916,
      0.414958325417391,
      0.4540229721943659
    ],
    "hamiltonian_eigenvalues": [
      -4.070395887995712,
      -3.9804261861946353,
      -1.4781356363748488,
      -1.243091615427868,
      -1.134730083551148,
      -0.33834532390094463,
      -0.26999079367668255,
      0.159686256468218,
      0.26775560468608983,
      0.5783760114420566,
      0.7380699367156343,
      0.8173537913631757,
      2.69017950117921,
      3.1378107257965437,
      4.522786490430815,
      4.546997420340889
    ],
    "noiseless_hamiltonian_eigenvalues": [
      -4.070395887995712,
      -3.9804261861946353,
      -1.4781356363748488,
      -1.243091615427868,
      -1.134730083551148,
      -0.33834532390094463,
      -0.26999079367668255,
      0.159686256468218,
      0.26775560468608983,
      0.5783760114420566,
      0.7380699367156343,
      0.8173537913631757,
      2.69017950117921,
      3.1378107257965437,
      4.522786490430815,
      4.546997420340889
    ]
  },
  "exact_result": {
    "hamiltonian_matrix": [
      [
        [
          -2.0,
          0.0
        ],
        [
          0.0,
          0.0
        ],
        [
          0.0,
          0.0
        ],
        [
          -1.0,
          0.0
        ],
        [
          0.0,
          0.0
        ],
        [
          0.0,
          0.0
        ],
        [
          -1.0,
          0.0
        ],
        [
          0.0,
          0.0
        ],
        [
          0.0,
          0.0
        ],
        [
          -1.0,
          0.0
        ],
        [
          0.0,
          0.0
        ],
        [
          0.0,
          0.0
        ],
        [
          -1.0,
          0.0
        ],
        [
          0.0,
          0.0
        ],
        [
          0.0,
          0.0
        ],
        [
          0.0,
          0.0
        ]
      ],
      [
        [
          0.0,
          0.0
        ],
        [
          -1.0,
          0.0
        ],
        [
          -1.0,
          0.0
        ],
        [
          0.0,
          0.0
        ],
        [
          0.0,
          0.0
        ],
        [
          0.0,
          0.0
        ],
        [
          0.0,
          0.0
        ],
        [
          -1.0,
          0.0
        ],
        [
          -1.0,
          0.0
        ],
        [
          0.0,
          0.0
        ],
        [
          0.0,
          0.0
        ],
        [
          0.0,
          0.0
        ],
        [
          0.0,
          0.0
        ],
        [
          -1.0,
          0.0
        ],
        [
          0.0,
          0.0
        ],
        [
          0.0,
          0.0
        ]
      ],
      [
        [
          0.0,
          0.0
        ],
        [
          -1.0,
          0.0
        ],
        [
          -1.0,
          0.0
        ],
        [
          0.0,
          0.0
        ],
        [
          -1.0,
          0.0
        ],
        [
          0.0,
          0.0
        ],
        [
          0.0,
          0.0
        ],
        [
          0.0,
          0.0
        ],
        [
          0.0,
          0.0
        ],
        [
          0.0,
          0.0
        ],
        [
          0.0,
          0.0
        ],
        [
          -1.0,
          0.0
        ],
        [
          0.0,
          0.0
        ],
        [
          0.0,
          0.0
        ],
        [
          -1.0,
          0.0
        ],
        [
          0.0,
          0.0
        ]
      ],
      [
        [
          -1.0,
          0.0
        ],
        [
          0.0,
          0.0
        ],
        [
          0.0,
          0.0
        ],
        [
          0.0,
          0.0
        ],
        [
          0.0,
          0.0
        ],
        [
          -1.0,
          0.0
        ],
        [
          0.0,
          0.0
        ],
        [
          0.0,
          0.0
        ],
        [
          0.0,
          0.0
        ],
        [
          0.0,
          0.0
        ],
        [
          -1.0,
          0.0
        ],
        [
          0.0,
          0.0
        ],
        [
          0.0,
          0.0
        ],
        [
          0.0,
          0.0
        ],
        [
          0.0,
          0.0
        ],
        [
          -1.0,
          0.0
        ]
      ],
      [
        [
          0.0,
          0.0
        ],
        [
          0.0,
          0.0
        ],
        [
          -1.0,
          0.0
        ],
        [
          0.0,
          0.0
        ],
        [
          -1.0,
          0.0
        ],
        [
          0.0,
          0.0
        ],
        [
          0.0,
          0.0
        ],
        [
          -1.0,
          0.0
        ],
        [
          -1.0,
          0.0
        ],
        [
          0.0,
          0.0
        ],
        [
          0.0,
          0.0
        ],
        [
          0.0,
          0.0
        ],
        [
          0.0,
          0.0
        ],
        [
          -1.0,
          0.0
        ],
        [
          0.0,
          0.0
        ],
        [
          0.0,
          0.0
        ]
      ],
      [
        [
          0.0,
          0.0
        ],
        [
          0.0,
          0.0
        ],
        [
          0.0,
          0.0
        ],
        [
          -1.0,
          0.0
        ],
        [
          0.0,
          0.0
        ],
        [
          0.0,
          0.0
        ],
        [
          -1.0,
          0.0
        ],
        [
          0.0,
          0.0
        ],
        [
          0.0,
          0.0
        ],
        [
          -1.0,
          0.0
        ],
        [
          0.0,
          0.0
        ],
        [
          0.0,
          0.0
        ],
        [
          -1.0,
          0.0
        ],
        [
          0.0,
          0.0
        ],
        [
          0.0,
          0.0
        ],
        [
          0.0,
          0.0
        ]
      ],
      [
        [
          -1.0,
          0.0
        ],
        [
          0.0,
          0.0
        ],
        [
          0.0,
          0.0
        ],
        [
          0.0,
          0.0
        ],
        [
          0.0,
          0.0
        ],
        [
          -1.0,
          0.0
        ],
        [
          0.0,
          0.0
        ],
        [
          0.0,
          0.0
        ],
        [
          0.0,
          0.0
        ],
        [
          0.0,
          0.0
        ],
        [
          -1.0,
          0.0
        ],
        [
          0.0,
          0.0
        ],
        [
          0.0,
          0.0
        ],
        [
          0.0,
          0.0
        ],
        [
          0.0,
          0.0
        ],
        [
          -1.0,
          0.0
        ]
      ],
      [
        [
          0.0,
          0.0
        ],
        [
          -1.0,
          0.0
        ],
        [
          0.0,
          0.0
        ],
        [
          0.0,
          0.0
        ],
        [
          -1.0,
          0.0
        ],
        [
          0.0,
          0.0
        ],
        [
          0.0,
          0.0
        ],
        [
          1.0,
          0.0
        ],
        [
          0.0,
          0.0
        ],
        [
          0.0,
          0.0
        ],
        [
          0.0,
          0.0
        ],
        [
          -1.0,
          0.0
        ],
        [
          0.0,
          0.0
        ],
        [
          0.0,
          0.0
        ],
        [
          -1.0,
          0.0
        ],
        [
          0.0,
          0.0
        ]
      ],
      [
        [
          0.0,
          0.0
        ],
        [
          -1.0,
          0.0
        ],
        [
          0.0,
          0.0
        ],
        [
          0.0,
          0.0
        ],
        [
          -1.0,
          0.0
        ],
        [
          0.0,
          0.0
        ],
        [
          0.0,
          0.0
        ],
        [
          0.0,
          0.0
        ],
        [
          -1.0,
          0.0
        ],
        [
          0.0,
          0.0
        ],
        [
          0.0,
          0.0
        ],
        [
          -1.0,
          0.0
        ],
        [
          0.0,
          0.0
        ],
        [
          0.0,
          0.0
        ],
        [
          -1.0,
          0.0
        ],
        [
          0.0,
          0.0
        ]
      ],
      [
        [
          -1.0,
          0.0
        ],
        [
          0.0,
          0.0
        ],
        [
          0.0,
          0.0
        ],
        [
          0.0,
          0.0
        ],
        [
          0.0,
          0.0
        ],
        [
          -1.0,
          0.0
        ],
        [
          0.0,
          0.0
        ],
        [
          0.0,
          0.0
        ],
        [
          0.0,
          0.0
        ],
        [
          0.0,
          0.0
        ],
        [
          -1.0,
          0.0
        ],
        [
          0.0,
          0.0
        ],
        [
          0.0,
          0.0
        ],
        [
          0.0,
          0.0
        ],
        [
          0.0,
          0.0
        ],
        [
          -1.0,
          0.0
        ]
      ],
      [
        [
          0.0,
          0.0
        ],
        [
          0.0,
          0.0
        ],
        [
          0.0,
          0.0
        ],
        [
          -1.0,
          0.0
        ],
        [
          0.0,
          0.0
        ],
        [
          0.0,
          0.0
        ],
        [
          -1.0,
          0.0
        ],
        [
          0.0,
          0.0
        ],
        [
          0.0,
          0.0
        ],
        [
          -1.0,
          0.0
        ],
        [
          0.0,
          0.0
        ],
        [
          0.0,
          0.0
        ],
        [
          -1.0,
          0.0
        ],
        [
          0.0,
          0.0
        ],
        [
          0.0,
          0.0
        ],
        [
          0.0,
          0.0
        ]
      ],
      [
        [
          0.0,
          0.0
        ],
        [
          0.0,
          0.0
        ],
        [
          -1.0,
          0.0
        ],
        [
          0.0,
          0.0
        ],
        [
          0.0,
          0.0
        ],
        [
          0.0,
          0.0
        ],
        [
          0.0,
          0.0
        ],
        [
          -1.0,
          0.0
        ],
        [
          -1.0,
          0.0
        ],
        [
          0.0,
          0.0
        ],
        [
          0.0,
          0.0
        ],
        [
          1.0,
          0.0
        ],
        [
          0.0,
          0.0
        ],
        [
          -1.0,
          0.0
        ],
        [
          0.0,
          0.0
        ],
        [
          0.0,
          0.0
        ]
      ],
      [
        [
          -1.0,
          0.0
        ],
        [
          0.0,
          0.0
        ],
        [
          0.0,
          0.0
        ],
        [
          0.0,
          0.0
        ],
        [
          0.0,
          0.0
        ],
        [
          -1.0,
          0.0
        ],
        [
          0.0,
          0.0
        ],
        [
          0.0,
          0.0
        ],
        [
          0.0,
          0.0
        ],
        [
          0.0,
          0.0
        ],
        [
          -1.0,
          0.0
        ],
        [
          0.0,
          0.0
        ],
        [
          0.0,
          0.0
        ],
        [
          0.0,
          0.0
        ],
        [
          0.0,
          0.0
        ],
        [
          -1.0,
          0.0
        ]
      ],
      [
        [
          0.0,
          0.0
        ],
        [
          -1.0,
          0.0
        ],
        [
          0.0,
          0.0
        ],
        [
          0.0,
          0.0
        ],
        [
          -1.0,
          0.0
        ],
        [
          0.0,
          0.0
        ],
        [
          0.0,
          0.0
        ],
        [
          0.0,
          0.0
        ],
        [
          0.0,
          0.0
        ],
        [
          0.0,
          0.0
        ],
        [
          0.0,
          0.0
        ],
        [
          -1.0,
          0.0
        ],
        [
          0.0,
          0.0
        ],
        [
          1.0,
          0.0
        ],
        [
          -1.0,
          0.0
        ],
        [
          0.0,
          0.0
        ]
      ],
      [
        [
          0.0,
          0.0
        ],
        [
          0.0,
          0.0
        ],
        [
          -1.0,
          0.0
        ],
        [
          0.0,
          0.0
        ],
        [
          0.0,
          0.0
        ],
        [
          0.0,
          0.0
        ],
        [
          0.0,
          0.0
        ],
        [
          -1.0,
          0.0
        ],
        [
          -1.0,
          0.0
        ],
        [
          0.0,
          0.0
        ],
        [
          0.0,
          0.0
        ],
        [
          0.0,
          0.0
        ],
        [
          0.0,
          0.0
        ],
        [
          -1.0,
          0.0
        ],
        [
          1.0,
          0.0
        ],
        [
          0.0,
          0.0
        ]
      ],
      [
        [
          0.0,
          0.0
        ],
        [
          0.0,
          0.0
        ],
        [
          0.0,
          0.0
        ],
        [
          -1.0,
          0.0
        ],
        [
          0.0,
          0.0
        ],
        [
          0.0,
          0.0
        ],
        [
          -1.0,
          0.0
        ],
        [
          0.0,
          0.0
        ],
        [
          0.0,
          0.0
        ],
        [
          -1.0,
          0.0
        ],
        [
          0.0,
          0.0
        ],
        [
          0.0,
          0.0
        ],
        [
          -1.0,
          0.0
        ],
        [
          0.0,
          0.0
        ],
        [
          0.0,
          0.0
        ],
        [
          2.0,
          0.0
        ]
      ]
    ],
    "gibbs_state": [
      [
        0.16703902762111839,
        0.0,
        0.0,
        0.08426966270003088,
        0.0,
        0.07403317075334677,
        0.08426966270003088,
        0.0,
        0.0,
        0.08426966270003088,
        0.07403317075334676,
        0.0,
        0.08426966270003088,
        0.0,
        0.0,
        0.052214394776907015
      ],
      [
        0.0,
        0.09010134606369072,
        0.0785173533125404,
        0.0,
        0.07279306678363738,
        0.0,
        0.0,
        0.04954596937518891,
        0.0785173533125404,
        0.0,
        0.0,
        0.047763680959273906,
        0.0,
        0.049545969375188896,
        0.0477636809592739,
        0.0
      ],
      [
        0.0,
        0.07851735331254038,
        0.09010134606369072,
        0.0,
        0.07851735331254041,
        0.0,
        0.0,
        0.047763680959273906,
        0.07279306678363741,
        0.0,
        0.0,
        0.04954596937518891,
        0.0,
        0.04776368095927389,
        0.049545969375188896,
        0.0
      ],
      [
        0.0842696627000309,
        0.0,
        0.0,
        0.05447062970805327,
        0.0,
        0.04725307732335752,
        0.04810326959886798,
        0.0,
        0.0,
        0.04810326959886798,
        0.04725307732335752,
        0.0,
        0.04810326959886798,
        0.0,
        0.0,
        0.032055267923123854
      ],
      [
        0.0,
        0.07279306678363737,
        0.07851735331254038,
        0.0,
        0.09010134606369072,
        0.0,
        0.0,
        0.04954596937518891,
        0.0785173533125404,
        0.0,
        0.0,
        0.0477636809592739,
        0.0,
        0.049545969375188896,
        0.04776368095927389,
        0.0
      ],
      [
        0.07403317075334677,
        0.0,
        0.0,
        0.04725307732335752,
        0.0,
        0.050359504530014206,
        0.04725307732335751,
        0.0,
        0.0,
        0.047253077323357505,
        0.043992144420828924,
        0.0,
        0.047253077323357505,
        0.0,
        0.0,
        0.03039561880046731
      ],
      [
        0.0842696627000309,
        0.0,
        0.0,
        0.04810326959886798,
        0.0,
        0.047253077323357505,
        0.054470629708053254,
        0.0,
        0.0,
        0.04810326959886797,
        0.047253077323357505,
        0.0,
        0.04810326959886797,
        0.0,
        0.0,
        0.03205526792312385
      ],
      [
        0.0,
        0.049545969375188896,
        0.04776368095927389,
        0.0,
        0.0495459693751889,
        0.0,
        0.0,
        0.033072447487827374,
        0.0477636809592739,
        0.0,
        0.0,
        0.030753672353266516,
        0.0,
        0.030730026609122957,
        0.03075367235326651,
        0.0
      ],
      [
        0.0,
        0.07851735331254038,
        0.07279306678363737,
        0.0,
        0.0785173533125404,
        0.0,
        0.0,
        0.04776368095927389,
        0.09010134606369072,
        0.0,
        0.0,
        0.04954596937518891,
        0.0,
        0.04776368095927388,
        0.0495459693751889,
        0.0
      ],
      [
        0.08426966270003092,
        0.0,
        0.0,
        0.048103269598867994,
        0.0,
        0.04725307732335752,
        0.04810326959886799,
        0.0,
        0.0,
        0.05447062970805327,
        0.04725307732335752,
        0.0,
        0.04810326959886799,
        0.0,
        0.0,
        0.032055267923123854
      ],
      [
        0.07403317075334676,
        0.0,
        0.0,
        0.04725307732335751,
        0.0,
        0.04399214442082892,
        0.047253077323357505,
        0.0,
        0.0,
        0.0472530773233575,
        0.05035950453001419,
        0.0,
        0.047253077323357505,
        0.0,
        0.0,
        0.030395618800467306
      ],
      [
        0.0,
        0.04776368095927388,
        0.049545969375188896,
        0.0,
        0.047763680959273885,
        0.0,
        0.0,
        0.03075367235326651,
        0.049545969375188896,
        0.0,
        0.0,
        0.033072447487827374,
        0.0,
        0.03075367235326651,
        0.030730026609122964,
        0.0
      ],
      [
        0.08426966270003089,
        0.0,
        0.0,
        0.04810326959886798,
        0.0,
        0.04725307732335751,
        0.04810326959886797,
        0.0,
        0.0,
        0.04810326959886797,
        0.04725307732335751,
        0.0,
        0.05447062970805325,
        0.0,
        0.0,
        0.03205526792312385
      ],
      [
        0.0,
        0.04954596937518889,
        0.04776368095927388,
        0.0,
        0.049545969375188896,
        0.0,
        0.0,
        0.030730026609122954,
        0.04776368095927388,
        0.0,
        0.0,
        0.03075367235326651,
        0.0,
        0.03307244748782737,
        0.0307536723532665,
        0.0
      ],
      [
        0.0,
        0.047763680959273885,
        0.049545969375188896,
        0.0,
        0.047763680959273885,
        0.0,
        0.0,
        0.03075367235326651,
        0.049545969375188896,
        0.0,
        0.0,
        0.030730026609122964,
        0.0,
        0.030753672353266506,
        0.03307244748782737,
        0.0
      ],
      [
        0.05221439477690706,
        0.0,
        0.0,
        0.03205526792312386,
        0.0,
        0.030395618800467324,
        0.03205526792312386,
        0.0,
        0.0,
        0.03205526792312386,
        0.030395618800467324,
        0.0,
        0.03205526792312386,
        0.0,
        0.0,
        0.02166427028056784
      ]
    ],
    "energy": -3.8724175064729907,
    "entropy": 1.1841528143826907,
    "cost": -5.056570320855681,
    "eigenvalues": [
      8.88884157023648e-05,
      9.209975283592908e-05,
      0.0016936366220639163,
      0.0023424208787044057,
      0.002342420878704422,
      0.005028476123352187,
      0.006367360109185264,
      0.006367360109185272,
      0.0063673601091852735,
      0.006367360109185303,
      0.008062735859828692,
      0.017308279280053324,
      0.017308279280053348,
      0.023938591213642377,
      0.4402104621525399,
      0.4561142691057778
    ],
    "hamiltonian_eigenvalues": [
      -4.271558410139714,
      -4.23606797749979,
      -1.3243068937239126,
      -1.0000000000000004,
      -1.0,
      -0.23606797749978978,
      -5.004354428574223e-16,
      -8.53653240412687e-17,
      4.944816257507461e-17,
      2.0024993085310826e-16,
      0.23606797749978953,
      0.9999999999999996,
      1.0000000000000004,
      1.324306893723913,
      4.23606797749979,
      4.271558410139717
