{
  "n": 4,
  "J": 1.0,
  "h": 0.5,
  "beta": 1.2,
  "calculated_result": {
    "n": 4,
    "J": 1.0,
    "h": 0.5,
    "beta": 1.2,
    "params": [
      0.5372701525674566,
      22.00995732704089,
      -1.5641252406668749,
      26.381245006256204,
      2.2985668484567023,
      -1.7444585369706294,
      15.130095164694065,
      27.56938071280285,
      13.65142970771403,
      -3.9117779169815483,
      14.436219136290319,
      8.320067953753421,
      3.7927388735445926,
      0.25658646359877046,
      -0.30322234012135446,
      -7.624622538718657,
      6.024308677104064,
      -13.929184140020325,
      -1.5398626765224523,
      -9.31241600966053,
      2.911302916028931,
      -10.990386572503652,
      -1.7224243698943507,
      0.47791097986969894,
      1.9294755671359989,
      -0.9906617569393603,
      7.866772696306138,
      -3.171529639670151,
      -6.288504897194964,
      2.9490773445191483,
      -13.277192999817792,
      11.134332603585236,
      15.403454804290392,
      -9.33716407118845
    ],
    "cost": -4.309983761085632,
    "energy": -3.3562068782006316,
    "entropy": 1.1445322594619998,
    "rho": [
      [
        0.12717675981309431,
        -2.7288885005163612e-17,
        -9.638453883043576e-17,
        0.08710935629271066,
        2.16604868935278e-19,
        0.0730318254779359,
        0.04901142159260101,
        1.5952874050796407e-17,
        4.043039061480738e-17,
        0.13097849042027046,
        0.09343187046391349,
        -9.981303024459097e-17,
        0.07726795974091384,
        -7.426714210411613e-17,
        -3.4225604878214926e-17,
        0.049871163413565164
      ],
      [
        -2.7288885005163612e-17,
        0.0830093570321558,
        0.05547121200509859,
        -3.329830966899443e-17,
        0.04368629612557983,
        -1.581647237570402e-17,
        2.856591220797503e-17,
        0.03260977993837016,
        0.06305322568682968,
        2.4927613773027094e-17,
        -2.0031556329871587e-17,
        0.0493499872780085,
        -2.293724945818387e-18,
        0.03977348267360131,
        0.023842850351174803,
        5.58041588336716e-18
      ],
      [
        -9.638453883043576e-17,
        0.05547121200509859,
        0.04463450222735536,
        -8.027940504108907e-17,
        0.03302953055321607,
        -5.594417695996247e-17,
        -1.0858274596997583e-17,
        0.022024819068537916,
        0.047720362328076124,
        -7.31889798929678e-17,
        -8.338410587910866e-17,
        0.02993077166831916,
        -4.9875366365638546e-17,
        0.026300252921156456,
        0.021041696124098022,
        -2.7684850584049635e-17
      ],
      [
        0.08710935629271066,
        -3.329830966899443e-17,
        -8.027940504108907e-17,
        0.067975078972857,
        -9.098744318849343e-18,
        0.05064768100765632,
        0.03938254695888105,
        8.578620483706286e-18,
        1.560878290115114e-17,
        0.08847893141248067,
        0.06527551580242005,
        -8.033331967818325e-17,
        0.052402757182398285,
        -5.4718725600311926e-17,
        -2.678467737865176e-17,
        0.04114406949379398
      ],
      [
        2.16604868935278e-19,
        0.04368629612557983,
        0.03302953055321607,
        -9.098744318849343e-18,
        0.03073557342018524,
        -7.251001504278893e-18,
        1.5373041407364234e-17,
        0.020263494232844268,
        0.03846514259593316,
        3.325604222318007e-17,
        -4.899260082960585e-18,
        0.025229150085595127,
        4.298780652063546e-18,
        0.023245058533518943,
        0.01744551864630938,
        2.2419860659260103e-18
      ],
      [
        0.0730318254779359,
        -1.581647237570402e-17,
        -5.594417695996247e-17,
        0.05064768100765632,
        -7.251001504278893e-18,
        0.058530908441070326,
        0.03769835985271763,
        6.7822390523762005e-18,
        2.6658000725569046e-17,
        0.07586596928472772,
        0.052156375893254434,
        -6.790848114442786e-17,
        0.051542567456563576,
        -5.386445176260217e-17,
        -4.2085861738402093e-17,
        0.0323721766001922
      ],
      [
        0.04901142159260101,
        2.856591220797503e-17,
        -1.0858274596997583e-17,
        0.03938254695888105,
        1.5373041407364234e-17,
        0.03769835985271763,
        0.03669292267281023,
        2.5710611663365546e-17,
        5.572839216668094e-17,
        0.05086612764875508,
        0.041775641473600356,
        -2.7341721977997182e-17,
        0.032807471943288424,
        -1.1962221207073686e-17,
        -1.402923436256292e-17,
        0.03122813192063867
      ],
      [
        1.5952874050796407e-17,
        0.03260977993837016,
        0.022024819068537916,
        8.578620483706286e-18,
        0.020263494232844268,
        6.7822390523762005e-18,
        2.5710611663365546e-17,
        0.0188983995274917,
        0.02509287605882891,
        2.9119499855609836e-17,
        -2.001285052853045e-18,
        0.02151175764879552,
        2.0221641518793376e-17,
        0.02000712740529986,
        0.013915889337711514,
        2.127255956868525e-17
      ],
      [
        4.043039061480738e-17,
        0.06305322568682968,
        0.047720362328076124,
        1.560878290115114e-17,
        0.03846514259593316,
        2.6658000725569046e-17,
        5.572839216668094e-17,
        0.02509287605882891,
        0.0704138852838675,
        9.404576623034854e-17,
        3.411233583521935e-17,
        0.046928495858401566,
        4.871855230649277e-17,
        0.037507997392040984,
        0.026810926576546684,
        4.416961847307602e-17
      ],
      [
        0.13097849042027046,
        2.4927613773027094e-17,
        -7.31889798929678e-17,
        0.08847893141248067,
        3.325604222318007e-17,
        0.07586596928472772,
        0.05086612764875508,
        2.9119499855609836e-17,
        9.404576623034854e-17,
        0.16292523786200924,
        0.11755027406529384,
        -7.480321080813348e-17,
        0.08851557904371815,
        -5.341488772158915e-17,
        -1.623174642638147e-17,
        0.05629383707110829
      ],
      [
        0.09343187046391349,
        -2.0031556329871587e-17,
        -8.338410587910866e-17,
        0.06527551580242005,
        -4.899260082960585e-18,
        0.052156375893254434,
        0.041775641473600356,
        -2.001285052853045e-18,
        3.411233583521935e-17,
        0.11755027406529384,
        0.09203991273621703,
        -8.215529344466129e-17,
        0.06148583165724614,
        -7.275133709276161e-17,
        -4.040863346366049e-17,
        0.045033629628931794
      ],
      [
        -9.981303024459097e-17,
        0.0493499872780085,
        0.02993077166831916,
        -8.033331967818325e-17,
        0.025229150085595127,
        -6.790848114442786e-17,
        -2.7341721977997182e-17,
        0.02151175764879552,
        0.046928495858401566,
        -7.480321080813348e-17,
        -8.215529344466129e-17,
        0.04104029596999902,
        -6.260088163076537e-17,
        0.029603474741799005,
        0.017339074259442044,
        -4.319372499267433e-17
      ],
      [
        0.07726795974091384,
        -2.293724945818387e-18,
        -4.9875366365638546e-17,
        0.052402757182398285,
        4.298780652063546e-18,
        0.051542567456563576,
        0.032807471943288424,
        2.0221641518793376e-17,
        4.871855230649277e-17,
        0.08851557904371815,
        0.06148583165724614,
        -6.260088163076537e-17,
        0.06626135039292368,
        -3.530452672578107e-17,
        -2.3405430506902128e-17,
        0.04173293435446265
      ],
      [
        -7.426714210411613e-17,
        0.03977348267360131,
        0.026300252921156456,
        -5.4718725600311926e-17,
        0.023245058533518943,
        -5.386445176260217e-17,
        -1.1962221207073686e-17,
        0.02000712740529986,
        0.037507997392040984,
        -5.341488772158915e-17,
        -7.275133709276161e-17,
        0.029603474741799005,
        -3.530452672578107e-17,
        0.036061598835853255,
        0.02462002021060316,
        -1.8681857791464975e-17
      ],
      [
        -3.4225604878214926e-17,
        0.023842850351174803,
        0.021041696124098022,
        -2.678467737865176e-17,
        0.01744551864630938,
        -4.2085861738402093e-17,
        -1.402923436256292e-17,
        0.013915889337711514,
        0.026810926576546684,
        -1.623174642638147e-17,
        -4.040863346366049e-17,
        0.017339074259442044,
        -2.3405430506902128e-17,
        0.02462002021060316,
        0.022504768823616295,
        -1.6738477661717892e-17
      ],
      [
        0.049871163413565164,
        5.58041588336716e-18,
        -2.7684850584049635e-17,
        0.04114406949379398,
        2.2419860659260103e-18,
        0.0323721766001922,
        0.03122813192063867,
        2.127255956868525e-17,
        4.416961847307602e-17,
        0.05629383707110829,
        0.045033629628931794,
        -4.319372499267433e-17,
        0.04173293435446265,
        -1.8681857791464975e-17,
        -1.6738477661717892e-17,
        0.04109944798849267
      ]
    ],
    "noiseless_rho": [
      [
        0.12717675981309431,
        -2.7288885005163612e-17,
        -9.638453883043576e-17,
        0.08710935629271066,
        2.16604868935278e-19,
        0.0730318254779359,
        0.04901142159260101,
        1.5952874050796407e-17,
        4.043039061480738e-17,
        0.13097849042027046,
        0.09343187046391349,
        -9.981303024459097e-17,
        0.07726795974091384,
        -7.426714210411613e-17,
        -3.4225604878214926e-17,
        0.049871163413565164
      ],
      [
        -2.7288885005163612e-17,
        0.0830093570321558,
        0.05547121200509859,
        -3.329830966899443e-17,
        0.04368629612557983,
        -1.581647237570402e-17,
        2.856591220797503e-17,
        0.03260977993837016,
        0.06305322568682968,
        2.4927613773027094e-17,
        -2.0031556329871587e-17,
        0.0493499872780085,
        -2.293724945818387e-18,
        0.03977348267360131,
        0.023842850351174803,
        5.58041588336716e-18
      ],
      [
        -9.638453883043576e-17,
        0.05547121200509859,
        0.04463450222735536,
        -8.027940504108907e-17,
        0.03302953055321607,
        -5.594417695996247e-17,
        -1.0858274596997583e-17,
        0.022024819068537916,
        0.047720362328076124,
        -7.31889798929678e-17,
        -8.338410587910866e-17,
        0.02993077166831916,
        -4.9875366365638546e-17,
        0.026300252921156456,
        0.021041696124098022,
        -2.7684850584049635e-17
      ],
      [
        0.08710935629271066,
        -3.329830966899443e-17,
        -8.027940504108907e-17,
        0.067975078972857,
        -9.098744318849343e-18,
        0.05064768100765632,
        0.03938254695888105,
        8.578620483706286e-18,
        1.560878290115114e-17,
        0.08847893141248067,
        0.06527551580242005,
        -8.033331967818325e-17,
        0.052402757182398285,
        -5.4718725600311926e-17,
        -2.678467737865176e-17,
        0.04114406949379398
      ],
      [
        2.16604868935278e-19,
        0.04368629612557983,
        0.03302953055321607,
        -9.098744318849343e-18,
        0.03073557342018524,
        -7.251001504278893e-18,
        1.5373041407364234e-17,
        0.020263494232844268,
        0.03846514259593316,
        3.325604222318007e-17,
        -4.899260082960585e-18,
        0.025229150085595127,
        4.298780652063546e-18,
        0.023245058533518943,
        0.01744551864630938,
        2.2419860659260103e-18
      ],
      [
        0.0730318254779359,
        -1.581647237570402e-17,
        -5.594417695996247e-17,
        0.05064768100765632,
        -7.251001504278893e-18,
        0.058530908441070326,
        0.03769835985271763,
        6.7822390523762005e-18,
        2.6658000725569046e-17,
        0.07586596928472772,
        0.052156375893254434,
        -6.790848114442786e-17,
        0.051542567456563576,
        -5.386445176260217e-17,
        -4.2085861738402093e-17,
        0.0323721766001922
      ],
      [
        0.04901142159260101,
        2.856591220797503e-17,
        -1.0858274596997583e-17,
        0.03938254695888105,
        1.5373041407364234e-17,
        0.03769835985271763,
        0.03669292267281023,
        2.5710611663365546e-17,
        5.572839216668094e-17,
        0.05086612764875508,
        0.041775641473600356,
        -2.7341721977997182e-17,
        0.032807471943288424,
        -1.1962221207073686e-17,
        -1.402923436256292e-17,
        0.03122813192063867
      ],
      [
        1.5952874050796407e-17,
        0.03260977993837016,
        0.022024819068537916,
        8.578620483706286e-18,
        0.020263494232844268,
        6.7822390523762005e-18,
        2.5710611663365546e-17,
        0.0188983995274917,
        0.02509287605882891,
        2.9119499855609836e-17,
        -2.001285052853045e-18,
        0.02151175764879552,
        2.0221641518793376e-17,
        0.02000712740529986,
        0.013915889337711514,
        2.127255956868525e-17
      ],
      [
        4.043039061480738e-17,
        0.06305322568682968,
        0.047720362328076124,
        1.560878290115114e-17,
        0.03846514259593316,
        2.6658000725569046e-17,
        5.572839216668094e-17,
        0.02509287605882891,
        0.0704138852838675,
        9.404576623034854e-17,
        3.411233583521935e-17,
        0.046928495858401566,
        4.871855230649277e-17,
        0.037507997392040984,
        0.026810926576546684,
        4.416961847307602e-17
      ],
      [
        0.13097849042027046,
        2.4927613773027094e-17,
        -7.31889798929678e-17,
        0.08847893141248067,
        3.325604222318007e-17,
        0.07586596928472772,
        0.05086612764875508,
        2.9119499855609836e-17,
        9.404576623034854e-17,
        0.16292523786200924,
        0.11755027406529384,
        -7.480321080813348e-17,
        0.08851557904371815,
        -5.341488772158915e-17,
        -1.623174642638147e-17,
        0.05629383707110829
      ],
      [
        0.09343187046391349,
        -2.0031556329871587e-17,
        -8.338410587910866e-17,
        0.06527551580242005,
        -4.899260082960585e-18,
        0.052156375893254434,
        0.041775641473600356,
        -2.001285052853045e-18,
        3.411233583521935e-17,
        0.11755027406529384,
        0.09203991273621703,
        -8.215529344466129e-17,
        0.06148583165724614,
        -7.275133709276161e-17,
        -4.040863346366049e-17,
        0.045033629628931794
      ],
      [
        -9.981303024459097e-17,
        0.0493499872780085,
        0.02993077166831916,
        -8.033331967818325e-17,
        0.025229150085595127,
        -6.790848114442786e-17,
        -2.7341721977997182e-17,
        0.02151175764879552,
        0.046928495858401566,
        -7.480321080813348e-17,
        -8.215529344466129e-17,
        0.04104029596999902,
        -6.260088163076537e-17,
        0.029603474741799005,
        0.017339074259442044,
        -4.319372499267433e-17
      ],
      [
        0.07726795974091384,
        -2.293724945818387e-18,
        -4.9875366365638546e-17,
        0.052402757182398285,
        4.298780652063546e-18,
        0.051542567456563576,
        0.032807471943288424,
        2.0221641518793376e-17,
        4.871855230649277e-17,
        0.08851557904371815,
        0.06148583165724614,
        -6.260088163076537e-17,
        0.06626135039292368,
        -3.530452672578107e-17,
        -2.3405430506902128e-17,
        0.04173293435446265
      ],
      [
        -7.426714210411613e-17,
        0.03977348267360131,
        0.026300252921156456,
        -5.4718725600311926e-17,
        0.023245058533518943,
        -5.386445176260217e-17,
        -1.1962221207073686e-17,
        0.02000712740529986,
        0.037507997392040984,
        -5.341488772158915e-17,
        -7.275133709276161e-17,
        0.029603474741799005,
        -3.530452672578107e-17,
        0.036061598835853255,
        0.02462002021060316,
        -1.8681857791464975e-17
      ],
      [
        -3.4225604878214926e-17,
        0.023842850351174803,
        0.021041696124098022,
        -2.678467737865176e-17,
        0.01744551864630938,
        -4.2085861738402093e-17,
        -1.402923436256292e-17,
        0.013915889337711514,
        0.026810926576546684,
        -1.623174642638147e-17,
        -4.040863346366049e-17,
        0.017339074259442044,
        -2.3405430506902128e-17,
        0.02462002021060316,
        0.022504768823616295,
        -1.6738477661717892e-17
      ],
      [
        0.049871163413565164,
        5.58041588336716e-18,
        -2.7684850584049635e-17,
        0.04114406949379398,
        2.2419860659260103e-18,
        0.0323721766001922,
        0.03122813192063867,
        2.127255956868525e-17,
        4.416961847307602e-17,
        0.05629383707110829,
        0.045033629628931794,
        -4.319372499267433e-17,
        0.04173293435446265,
        -1.8681857791464975e-17,
        -1.6738477661717892e-17,
        0.04109944798849267
      ]
    ],
    "sigma": [
      0.022335507375512053,
      0.00036905113039942467,
      0.00598182923358212,
      0.0003759334369879739,
      0.014364564136926328,
      0.0007725639642974478,
      0.5859930081499436,
      0.019811994476334558,
      0.003220614379640377,
      0.0014281138948050863,
      0.013034061510421567,
      0.0016110343268981072,
      0.0020191447563169436,
      2.551199577674962e-06,
      0.3019367422371656,
      0.026743285791189817
    ],
    "noiseless_sigma": [
      0.022335507375512053,
      0.00036905113039942467,
      0.00598182923358212,
      0.0003759334369879739,
      0.014364564136926328,
      0.0007725639642974478,
      0.5859930081499436,
      0.019811994476334558,
      0.003220614379640377,
      0.0014281138948050863,
      0.013034061510421567,
      0.0016110343268981072,
      0.0020191447563169436,
      2.551199577674962e-06,
      0.3019367422371656,
      0.026743285791189817
    ],
    "eigenvalues": [
      2.551199577674962e-06,
      0.00036905113039942467,
      0.0003759334369879739,
      0.0007725639642974478,
      0.0014281138948050863,
      0.0016110343268981072,
      0.0020191447563169436,
      0.003220614379640377,
      0.00598182923358212,
      0.013034061510421567,
      0.014364564136926328,
      0.019811994476334558,
      0.022335507375512053,
      0.026743285791189817,
      0.3019367422371656,
      0.5859930081499436
    ],
    "noiseless_eigenvalues": [
      2.551199577674962e-06,
      0.00036905113039942467,
      0.0003759334369879739,
      0.0007725639642974478,
      0.0014281138948050863,
      0.0016110343268981072,
      0.0020191447563169436,
      0.003220614379640377,
      0.00598182923358212,
      0.013034061510421567,
      0.014364564136926328,
      0.019811994476334558,
      0.022335507375512053,
      0.026743285791189817,
      0.3019367422371656,
      0.5859930081499436
    ],
    "hamiltonian_eigenvalues": [
      -3.8646109102847626,
      -3.3120356391368784,
      -1.2920905647475478,
      -1.142002421231604,
      -1.0420939752021194,
      -0.7741579868954855,
      -0.6931594012066391,
      -0.044126372842613115,
      0.47183551932727585,
      0.8609172765684701,
      1.0490819615762472,
      1.149516788896367,
      1.6615126980316175,
      2.2617649551920485,
      2.2771623712100926,
      6.422471977906317
    ],
    "noiseless_hamiltonian_eigenvalues": [
      -3.8646109102847626,
      -3.3120356391368784,
      -1.2920905647475478,
      -1.142002421231604,
      -1.0420939752021194,
      -0.7741579868954855,
      -0.6931594012066391,
      -0.044126372842613115,
      0.47183551932727585,
      0.8609172765684701,
      1.0490819615762472,
      1.149516788896367,
      1.6615126980316175,
      2.2617649551920485,
      2.2771623712100926,
      6.422471977906317
    ]
  },
  "exact_result": {
    "hamiltonian_matrix": [
      [
        [
          -2.0,
          0.0
        ],
        [
          0.0,
          0.0
        ],
        [
          0.0,
          0.0
        ],
        [
          -1.0,
          0.0
        ],
        [
          0.0,
          0.0
        ],
        [
          0.0,
          0.0
        ],
        [
          -1.0,
          0.0
        ],
        [
          0.0,
          0.0
        ],
        [
          0.0,
          0.0
        ],
        [
          -1.0,
          0.0
        ],
        [
          0.0,
          0.0
        ],
        [
          0.0,
          0.0
        ],
        [
          -1.0,
          0.0
        ],
        [
          0.0,
          0.0
        ],
        [
          0.0,
          0.0
        ],
        [
          0.0,
          0.0
        ]
      ],
      [
        [
          0.0,
          0.0
        ],
        [
          -1.0,
          0.0
        ],
        [
          -1.0,
          0.0
        ],
        [
          0.0,
          0.0
        ],
        [
          0.0,
          0.0
        ],
        [
          0.0,
          0.0
        ],
        [
          0.0,
          0.0
        ],
        [
          -1.0,
          0.0
        ],
        [
          -1.0,
          0.0
        ],
        [
          0.0,
          0.0
        ],
        [
          0.0,
          0.0
        ],
        [
          0.0,
          0.0
        ],
        [
          0.0,
          0.0
        ],
        [
          -1.0,
          0.0
        ],
        [
          0.0,
          0.0
        ],
        [
          0.0,
          0.0
        ]
      ],
      [
        [
          0.0,
          0.0
        ],
        [
          -1.0,
          0.0
        ],
        [
          -1.0,
          0.0
        ],
        [
          0.0,
          0.0
        ],
        [
          -1.0,
          0.0
        ],
        [
          0.0,
          0.0
        ],
        [
          0.0,
          0.0
        ],
        [
          0.0,
          0.0
        ],
        [
          0.0,
          0.0
        ],
        [
          0.0,
          0.0
        ],
        [
          0.0,
          0.0
        ],
        [
          -1.0,
          0.0
        ],
        [
          0.0,
          0.0
        ],
        [
          0.0,
          0.0
        ],
        [
          -1.0,
          0.0
        ],
        [
          0.0,
          0.0
        ]
      ],
      [
        [
          -1.0,
          0.0
        ],
        [
          0.0,
          0.0
        ],
        [
          0.0,
          0.0
        ],
        [
          0.0,
          0.0
        ],
        [
          0.0,
          0.0
        ],
        [
          -1.0,
          0.0
        ],
        [
          0.0,
          0.0
        ],
        [
          0.0,
          0.0
        ],
        [
          0.0,
          0.0
        ],
        [
          0.0,
          0.0
        ],
        [
          -1.0,
          0.0
        ],
        [
          0.0,
          0.0
        ],
        [
          0.0,
          0.0
        ],
        [
          0.0,
          0.0
        ],
        [
          0.0,
          0.0
        ],
        [
          -1.0,
          0.0
        ]
      ],
      [
        [
          0.0,
          0.0
        ],
        [
          0.0,
          0.0
        ],
        [
          -1.0,
          0.0
        ],
        [
          0.0,
          0.0
        ],
        [
          -1.0,
          0.0
        ],
        [
          0.0,
          0.0
        ],
        [
          0.0,
          0.0
        ],
        [
          -1.0,
          0.0
        ],
        [
          -1.0,
          0.0
        ],
        [
          0.0,
          0.0
        ],
        [
          0.0,
          0.0
        ],
        [
          0.0,
          0.0
        ],
        [
          0.0,
          0.0
        ],
        [
          -1.0,
          0.0
        ],
        [
          0.0,
          0.0
        ],
        [
          0.0,
          0.0
        ]
      ],
      [
        [
          0.0,
          0.0
        ],
        [
          0.0,
          0.0
        ],
        [
          0.0,
          0.0
        ],
        [
          -1.0,
          0.0
        ],
        [
          0.0,
          0.0
        ],
        [
          0.0,
          0.0
        ],
        [
          -1.0,
          0.0
        ],
        [
          0.0,
          0.0
        ],
        [
          0.0,
          0.0
        ],
        [
          -1.0,
          0.0
        ],
        [
          0.0,
          0.0
        ],
        [
          0.0,
          0.0
        ],
        [
          -1.0,
          0.0
        ],
        [
          0.0,
          0.0
        ],
        [
          0.0,
          0.0
        ],
        [
          0.0,
          0.0
        ]
      ],
      [
        [
          -1.0,
          0.0
        ],
        [
          0.0,
          0.0
        ],
        [
          0.0,
          0.0
        ],
        [
          0.0,
          0.0
        ],
        [
          0.0,
          0.0
        ],
        [
          -1.0,
          0.0
        ],
        [
          0.0,
          0.0
        ],
        [
          0.0,
          0.0
        ],
        [
          0.0,
          0.0
        ],
        [
          0.0,
          0.0
        ],
        [
          -1.0,
          0.0
        ],
        [
          0.0,
          0.0
        ],
        [
          0.0,
          0.0
        ],
        [
          0.0,
          0.0
        ],
        [
          0.0,
          0.0
        ],
        [
          -1.0,
          0.0
        ]
      ],
      [
        [
          0.0,
          0.0
        ],
        [
          -1.0,
          0.0
        ],
        [
          0.0,
          0.0
        ],
        [
          0.0,
          0.0
        ],
        [
          -1.0,
          0.0
        ],
        [
          0.0,
          0.0
        ],
        [
          0.0,
          0.0
        ],
        [
          1.0,
          0.0
        ],
        [
          0.0,
          0.0
        ],
        [
          0.0,
          0.0
        ],
        [
          0.0,
          0.0
        ],
        [
          -1.0,
          0.0
        ],
        [
          0.0,
          0.0
        ],
        [
          0.0,
          0.0
        ],
        [
          -1.0,
          0.0
        ],
        [
          0.0,
          0.0
        ]
      ],
      [
        [
          0.0,
          0.0
        ],
        [
          -1.0,
          0.0
        ],
        [
          0.0,
          0.0
        ],
        [
          0.0,
          0.0
        ],
        [
          -1.0,
          0.0
        ],
        [
          0.0,
          0.0
        ],
        [
          0.0,
          0.0
        ],
        [
          0.0,
          0.0
        ],
        [
          -1.0,
          0.0
        ],
        [
          0.0,
          0.0
        ],
        [
          0.0,
          0.0
        ],
        [
          -1.0,
          0.0
        ],
        [
          0.0,
          0.0
        ],
        [
          0.0,
          0.0
        ],
        [
          -1.0,
          0.0
        ],
        [
          0.0,
          0.0
        ]
      ],
      [
        [
          -1.0,
          0.0
        ],
        [
          0.0,
          0.0
        ],
        [
          0.0,
          0.0
        ],
        [
          0.0,
          0.0
        ],
        [
          0.0,
          0.0
        ],
        [
          -1.0,
          0.0
        ],
        [
          0.0,
          0.0
        ],
        [
          0.0,
          0.0
        ],
        [
          0.0,
          0.0
        ],
        [
          0.0,
          0.0
        ],
        [
          -1.0,
          0.0
        ],
        [
          0.0,
          0.0
        ],
        [
          0.0,
          0.0
        ],
        [
          0.0,
          0.0
        ],
        [
          0.0,
          0.0
        ],
        [
          -1.0,
          0.0
        ]
      ],
      [
        [
          0.0,
          0.0
        ],
        [
          0.0,
          0.0
        ],
        [
          0.0,
          0.0
        ],
        [
          -1.0,
          0.0
        ],
        [
          0.0,
          0.0
        ],
        [
          0.0,
          0.0
        ],
        [
          -1.0,
          0.0
        ],
        [
          0.0,
          0.0
        ],
        [
          0.0,
          0.0
        ],
        [
          -1.0,
          0.0
        ],
        [
          0.0,
          0.0
        ],
        [
          0.0,
          0.0
        ],
        [
          -1.0,
          0.0
        ],
        [
          0.0,
          0.0
        ],
        [
          0.0,
          0.0
        ],
        [
          0.0,
          0.0
        ]
      ],
      [
        [
          0.0,
          0.0
        ],
        [
          0.0,
          0.0
        ],
        [
          -1.0,
          0.0
        ],
        [
          0.0,
          0.0
        ],
        [
          0.0,
          0.0
        ],
        [
          0.0,
          0.0
        ],
        [
          0.0,
          0.0
        ],
        [
          -1.0,
          0.0
        ],
        [
          -1.0,
          0.0
        ],
        [
          0.0,
          0.0
        ],
        [
          0.0,
          0.0
        ],
        [
          1.0,
          0.0
        ],
        [
          0.0,
          0.0
        ],
        [
          -1.0,
          0.0
        ],
        [
          0.0,
          0.0
        ],
        [
          0.0,
          0.0
        ]
      ],
      [
        [
          -1.0,
          0.0
        ],
        [
          0.0,
          0.0
        ],
        [
          0.0,
          0.0
        ],
        [
          0.0,
          0.0
        ],
        [
          0.0,
          0.0
        ],
        [
          -1.0,
          0.0
        ],
        [
          0.0,
          0.0
        ],
        [
          0.0,
          0.0
        ],
        [
          0.0,
          0.0
        ],
        [
          0.0,
          0.0
        ],
        [
          -1.0,
          0.0
        ],
        [
          0.0,
          0.0
        ],
        [
          0.0,
          0.0
        ],
        [
          0.0,
          0.0
        ],
        [
          0.0,
          0.0
        ],
        [
          -1.0,
          0.0
        ]
      ],
      [
        [
          0.0,
          0.0
        ],
        [
          -1.0,
          0.0
        ],
        [
          0.0,
          0.0
        ],
        [
          0.0,
          0.0
        ],
        [
          -1.0,
          0.0
        ],
        [
          0.0,
          0.0
        ],
        [
          0.0,
          0.0
        ],
        [
          0.0,
          0.0
        ],
        [
          0.0,
          0.0
        ],
        [
          0.0,
          0.0
        ],
        [
          0.0,
          0.0
        ],
        [
          -1.0,
          0.0
        ],
        [
          0.0,
          0.0
        ],
        [
          1.0,
          0.0
        ],
        [
          -1.0,
          0.0
        ],
        [
          0.0,
          0.0
        ]
      ],
      [
        [
          0.0,
          0.0
        ],
        [
          0.0,
          0.0
        ],
        [
          -1.0,
          0.0
        ],
        [
          0.0,
          0.0
        ],
        [
          0.0,
          0.0
        ],
        [
          0.0,
          0.0
        ],
        [
          0.0,
          0.0
        ],
        [
          -1.0,
          0.0
        ],
        [
          -1.0,
          0.0
        ],
        [
          0.0,
          0.0
        ],
        [
          0.0,
          0.0
        ],
        [
          0.0,
          0.0
        ],
        [
          0.0,
          0.0
        ],
        [
          -1.0,
          0.0
        ],
        [
          1.0,
          0.0
        ],
        [
          0.0,
          0.0
        ]
      ],
      [
        [
          0.0,
          0.0
        ],
        [
          0.0,
          0.0
        ],
        [
          0.0,
          0.0
        ],
        [
          -1.0,
          0.0
        ],
        [
          0.0,
          0.0
        ],
        [
          0.0,
          0.0
        ],
        [
          -1.0,
          0.0
        ],
        [
          0.0,
          0.0
        ],
        [
          0.0,
          0.0
        ],
        [
          -1.0,
          0.0
        ],
        [
          0.0,
          0.0
        ],
        [
          0.0,
          0.0
        ],
        [
          -1.0,
          0.0
        ],
        [
          0.0,
          0.0
        ],
        [
          0.0,
          0.0
        ],
        [
          2.0,
          0.0
        ]
      ]
    ],
    "gibbs_state": [
      [
        0.17032509902344609,
        0.0,
        0.0,
        0.09051583202657952,
        0.0,
        0.08185450188896036,
        0.09051583202657952,
        0.0,
        0.0,
        0.09051583202657952,
        0.08185450188896037,
        0.0,
        0.09051583202657952,
        0.0,
        0.0,
        0.05686814374964648
      ],
      [
        0.0,
        0.08944541135855981,
        0.08329363565520229,
        0.0,
        0.07990655490088532,
        0.0,
        0.0,
        0.05199548248226065,
        0.08329363565520231,
        0.0,
        0.0,
        0.051146648831451993,
        0.0,
        0.051995482482260665,
        0.05114664883145198,
        0.0
      ],
      [
        0.0,
        0.08329363565520229,
        0.08944541135855981,
        0.0,
        0.0832936356552023,
        0.0,
        0.0,
        0.05114664883145197,
        0.07990655490088532,
        0.0,
        0.0,
        0.05199548248226065,
        0.0,
        0.05114664883145198,
        0.05199548248226065,
        0.0
      ],
      [
        0.09051583202657952,
        0.0,
        0.0,
        0.05462243188944821,
        0.0,
        0.049588581082099306,
        0.05174938353613531,
        0.0,
        0.0,
        0.05174938353613531,
        0.04958858108209931,
        0.0,
        0.05174938353613531,
        0.0,
        0.0,
        0.03364768827693302
      ],
      [
        0.0,
        0.0799065549008853,
        0.08329363565520229,
        0.0,
        0.08944541135855984,
        0.0,
        0.0,
        0.05199548248226063,
        0.08329363565520231,
        0.0,
        0.0,
        0.05114664883145198,
        0.0,
        0.051995482482260644,
        0.05114664883145198,
        0.0
      ],
      [
        0.08185450188896035,
        0.0,
        0.0,
        0.049588581082099306,
        0.0,
        0.04950367167593704,
        0.049588581082099306,
        0.0,
        0.0,
        0.049588581082099306,
        0.046630623322624146,
        0.0,
        0.049588581082099306,
        0.0,
        0.0,
        0.03188178561033257
      ],
      [
        0.09051583202657953,
        0.0,
        0.0,
        0.05174938353613533,
        0.0,
        0.04958858108209931,
        0.05462243188944822,
        0.0,
        0.0,
        0.05174938353613533,
        0.04958858108209931,
        0.0,
        0.05174938353613533,
        0.0,
        0.0,
        0.03364768827693303
      ],
      [
        0.0,
        0.05199548248226063,
        0.05114664883145196,
        0.0,
        0.051995482482260644,
        0.0,
        0.0,
        0.033113173414742764,
        0.05114664883145197,
        0.0,
        0.0,
        0.03214698682375031,
        0.0,
        0.03224782788018104,
        0.03214698682375031,
        0.0
      ],
      [
        0.0,
        0.08329363565520229,
        0.07990655490088529,
        0.0,
        0.08329363565520231,
        0.0,
        0.0,
        0.05114664883145197,
        0.08944541135855984,
        0.0,
        0.0,
        0.05199548248226065,
        0.0,
        0.05114664883145198,
        0.051995482482260644,
        0.0
      ],
      [
        0.09051583202657952,
        0.0,
        0.0,
        0.05174938353613531,
        0.0,
        0.04958858108209931,
        0.05174938353613531,
        0.0,
        0.0,
        0.05462243188944821,
        0.04958858108209931,
        0.0,
        0.05174938353613531,
        0.0,
        0.0,
        0.03364768827693303
      ],
      [
        0.08185450188896036,
        0.0,
        0.0,
        0.049588581082099306,
        0.0,
        0.046630623322624146,
        0.049588581082099306,
        0.0,
        0.0,
        0.049588581082099306,
        0.04950367167593704,
        0.0,
        0.049588581082099306,
        0.0,
        0.0,
        0.03188178561033257
      ],
      [
        0.0,
        0.05114664883145196,
        0.05199548248226063,
        0.0,
        0.05114664883145198,
        0.0,
        0.0,
        0.03214698682375031,
        0.051995482482260644,
        0.0,
        0.0,
        0.03311317341474277,
        0.0,
        0.03214698682375031,
        0.03224782788018104,
        0.0
      ],
      [
        0.0905158320265795,
        0.0,
        0.0,
        0.05174938353613531,
        0.0,
        0.049588581082099306,
        0.05174938353613531,
        0.0,
        0.0,
        0.051749383536135306,
        0.04958858108209931,
        0.0,
        0.0546224318894482,
        0.0,
        0.0,
        0.03364768827693302
      ],
      [
        0.0,
        0.05199548248226063,
        0.05114664883145197,
        0.0,
        0.05199548248226065,
        0.0,
        0.0,
        0.03224782788018104,
        0.05114664883145198,
        0.0,
        0.0,
        0.03214698682375032,
        0.0,
        0.03311317341474278,
        0.032146986823750306,
        0.0
      ],
      [
        0.0,
        0.05114664883145197,
        0.05199548248226062,
        0.0,
        0.05114664883145198,
        0.0,
        0.0,
        0.03214698682375031,
        0.05199548248226065,
        0.0,
        0.0,
        0.03224782788018104,
        0.0,
        0.03214698682375031,
        0.03311317341474277,
        0.0
      ],
      [
        0.056868143749646494,
        0.0,
        0.0,
        0.033647688276933034,
        0.0,
        0.031881785610332586,
        0.033647688276933034,
        0.0,
        0.0,
        0.033647688276933034,
        0.031881785610332586,
        0.0,
        0.033647688276933034,
        0.0,
        0.0,
        0.021943490973676465
      ]
    ],
    "energy": -4.064270327164287,
    "entropy": 0.97525727627785,
    "cost": -4.8769847240624955,
    "eigenvalues": [
      1.706891199487752e-05,
      1.7811553434354913e-05,
      0.0005863756449964851,
      0.0008653455345617268,
      0.0008653455345617359,
      0.00216428929446598,
      0.002873048353312884,
      0.002873048353312895,
      0.0028730483533129006,
      0.00287304835331291,
      0.0038139110430293393,
      0.009538856457674523,
      0.009538856457674572,
      0.014076994689171488,
      0.4634299232178079,
      0.48359302824737516
    ],
    "hamiltonian_eigenvalues": [
      -4.271558410139714,
      -4.23606797749979,
      -1.3243068937239126,
      -1.0000000000000004,
      -1.0,
      -0.23606797749978978,
      -5.004354428574223e-16,
      -8.53653240412687e-17,
      4.944816257507461e-17,
      2.0024993085310826e-16,
      0.23606797749978953,
