{
  "n": 4,
  "J": 1.0,
  "h": 0.5,
  "beta": 2.0,
  "calculated_result": {
    "n": 4,
    "J": 1.0,
    "h": 0.5,
    "beta": 2.0,
    "params": [
      1.1444934217270346,
      22.385993720571985,
      -1.477250192823327,
      26.711852147955565,
      0.7837611479834956,
      0.7903099300598997,
      13.871496980700877,
      28.59696837578031,
      12.585488023162116,
      -4.627241327385047,
      14.11481951590583,
      7.596328270142053,
      5.281445381538885,
      1.8578876168583773,
      0.34431810422542086,
      -7.546701790172324,
      6.638354462608217,
      -14.43433036776508,
      -1.5781347948432007,
      -8.56896020777244,
      3.5045730063327754,
      -11.006633913119208,
      -1.5419012926801774,
      0.012732445181542257,
      2.378743081388088,
      0.034896863414471145,
      8.159211988972219,
      -2.8673809332974867,
      -6.073091639020022,
      2.983089064188507,
      -14.137638025758035,
      10.988801777806346,
      15.689056994554447,
      -10.787606560438762
    ],
    "cost": -4.526068677642728,
    "energy": -4.17633207831051,
    "entropy": 0.6994731986644378,
    "rho": [
      [
        0.1252591820155441,
        3.054552898729947e-17,
        -4.9441656330871296e-17,
        0.07319507207588495,
        -3.5135817344338543e-17,
        0.07957400425399688,
        0.07764802726900287,
        1.2149739764255067e-17,
        1.134485958823199e-16,
        0.10402185799087402,
        0.09414953033450021,
        5.5521683303901025e-18,
        0.09131331113083889,
        4.3130920452202965e-18,
        5.67700682827033e-17,
        0.0580472682601483
      ],
      [
        3.054552898729947e-17,
        0.07981170762801706,
        0.07268912090828064,
        -2.1333619390740587e-17,
        0.07052648062620824,
        -2.5078494650189855e-17,
        -5.992563386802335e-18,
        0.044504237070032863,
        0.09663025994505779,
        -6.615400934709566e-19,
        1.1526167905136576e-17,
        0.05607261212307478,
        4.698860754322215e-17,
        0.06098324914599939,
        0.05991270731674352,
        2.51778545121898e-17
      ],
      [
        -4.9441656330871296e-17,
        0.07268912090828064,
        0.06638985343108737,
        -6.556092071068587e-17,
        0.06441936354909805,
        -7.355535071294398e-17,
        -5.357171845359783e-17,
        0.040525012499359275,
        0.08807991189732965,
        -6.570421521368109e-17,
        -4.964672488224073e-17,
        0.05121593144298788,
        -1.4784758537011438e-17,
        0.05567094949143565,
        0.05458893544148798,
        -1.2457741155378881e-17
      ],
      [
        0.07319507207588495,
        -2.1333619390740587e-17,
        -6.556092071068587e-17,
        0.04295278311791678,
        -5.556385228030415e-17,
        0.04665581922878867,
        0.045379774602893594,
        -1.44390421616565e-17,
        1.8007974878266353e-17,
        0.06076442576837755,
        0.05517604339656546,
        -2.4896783692565248e-17,
        0.05351295091763688,
        -2.849202863131984e-17,
        2.828023506192553e-18,
        0.033891544269576974
      ],
      [
        -3.5135817344338543e-17,
        0.07052648062620824,
        0.06441936354909805,
        -5.556385228030415e-17,
        0.06253671316790521,
        -6.317613862769228e-17,
        -4.450103392257982e-17,
        0.03932583998279489,
        0.08547436434827664,
        -5.328485261840804e-17,
        -3.850841232371987e-17,
        0.04971245164649151,
        -5.0402791136571705e-18,
        0.05402379959898122,
        0.05296017853888012,
        -6.315969492950095e-18
      ],
      [
        0.07957400425399688,
        -2.5078494650189855e-17,
        -7.355535071294398e-17,
        0.04665581922878867,
        -6.317613862769228e-17,
        0.05071188283976785,
        0.04932198165370551,
        -1.680954863065633e-17,
        1.688327460663258e-17,
        0.06605358397048057,
        0.05996077642257451,
        -2.943469738676422e-17,
        0.05815427973642475,
        -3.231406662207678e-17,
        2.7083185993623665e-18,
        0.03684727584109766
      ],
      [
        0.07764802726900287,
        -5.992563386802335e-18,
        -5.357171845359783e-17,
        0.045379774602893594,
        -4.450103392257982e-17,
        0.04932198165370551,
        0.04817093449060369,
        -6.50073069161623e-18,
        4.0109611556268395e-17,
        0.06448437272636814,
        0.058364673951839904,
        -1.4642979546052e-17,
        0.05661411581592036,
        -1.6083382475940626e-17,
        1.7393748953232664e-17,
        0.03600204608726186
      ],
      [
        1.2149739764255067e-17,
        0.044504237070032863,
        0.040525012499359275,
        -1.44390421616565e-17,
        0.03932583998279489,
        -1.680954863065633e-17,
        -6.50073069161623e-18,
        0.024827918546275956,
        0.05388665887786384,
        -4.297773437803323e-18,
        3.1332340517773597e-18,
        0.031264761959173056,
        2.2836239540162363e-17,
        0.03400186000476896,
        0.033408280637711334,
        1.1636921131192068e-17
      ],
      [
        1.134485958823199e-16,
        0.09663025994505779,
        0.08807991189732965,
        1.8007974878266353e-17,
        0.08547436434827664,
        1.688327460663258e-17,
        4.0109611556268395e-17,
        0.05388665887786384,
        0.11705099291624013,
        6.185811832193585e-17,
        6.962911082849343e-17,
        0.0679434131359618,
        1.1157447405364512e-16,
        0.07386557459360477,
        0.07254206413322449,
        6.634221504221614e-17
      ],
      [
        0.10402185799087402,
        -6.615400934709566e-19,
        -6.570421521368109e-17,
        0.06076442576837755,
        -5.328485261840804e-17,
        0.06605358397048057,
        0.06448437272636814,
        -4.297773437803323e-18,
        6.185811832193585e-17,
        0.08639848827935531,
        0.07816058554042178,
        -1.485202870357936e-17,
        0.07580970668924497,
        -1.6746808353522628e-17,
        2.798595502451329e-17,
        0.04820182998939787
      ],
      [
        0.09414953033450021,
        1.1526167905136576e-17,
        -4.964672488224073e-17,
        0.05517604339656546,
        -3.850841232371987e-17,
        0.05996077642257451,
        0.058364673951839904,
        3.1332340517773597e-18,
        6.962911082849343e-17,
        0.07816058554042178,
        0.07091742442651165,
        -6.1011822323032385e-18,
        0.06877171947475821,
        -6.7857410759322e-18,
        3.422081788651244e-17,
        0.04361032324638215
      ],
      [
        5.5521683303901025e-18,
        0.05607261212307478,
        0.05121593144298788,
        -2.4896783692565248e-17,
        0.04971245164649151,
        -2.943469738676422e-17,
        -1.4642979546052e-17,
        0.031264761959173056,
        0.0679434131359618,
        -1.485202870357936e-17,
        -6.1011822323032385e-18,
        0.03957906466798592,
        2.00286473853748e-17,
        0.042989612596071355,
        0.04208938992034669,
        1.0652651517837373e-17
      ],
      [
        0.09131331113083889,
        4.698860754322215e-17,
        -1.4784758537011438e-17,
        0.05351295091763688,
        -5.0402791136571705e-18,
        0.05815427973642475,
        0.05661411581592036,
        2.2836239540162363e-17,
        1.1157447405364512e-16,
        0.07580970668924497,
        0.06877171947475821,
        2.00286473853748e-17,
        0.06671160747469945,
        2.1354901243198953e-17,
        6.019080374741306e-17,
        0.0422891726998928
      ],
      [
        4.3130920452202965e-18,
        0.06098324914599939,
        0.05567094949143565,
        -2.849202863131984e-17,
        0.05402379959898122,
        -3.231406662207678e-17,
        -1.6083382475940626e-17,
        0.03400186000476896,
        0.07386557459360477,
        -1.6746808353522628e-17,
        -6.7857410759322e-18,
        0.042989612596071355,
        2.1354901243198953e-17,
        0.046747596493940356,
        0.0457965048774412,
        1.0846590774339725e-17
      ],
      [
        5.67700682827033e-17,
        0.05991270731674352,
        0.05458893544148798,
        2.828023506192553e-18,
        0.05296017853888012,
        2.7083185993623665e-18,
        1.7393748953232664e-17,
        0.033408280637711334,
        0.07254206413322449,
        2.798595502451329e-17,
        3.422081788651244e-17,
        0.04208938992034669,
        6.019080374741306e-17,
        0.0457965048774412,
        0.045004153376078986,
        3.4884925706513225e-17
      ],
      [
        0.0580472682601483,
        2.51778545121898e-17,
        -1.2457741155378881e-17,
        0.033891544269576974,
        -6.315969492950095e-18,
        0.03684727584109766,
        0.03600204608726186,
        1.1636921131192068e-17,
        6.634221504221614e-17,
        0.04820182998939787,
        0.04361032324638215,
        1.0652651517837373e-17,
        0.0422891726998928,
        1.0846590774339725e-17,
        3.4884925706513225e-17,
        0.026929697128069238
      ]
    ],
    "noiseless_rho": [
      [
        0.1252591820155441,
        3.054552898729947e-17,
        -4.9441656330871296e-17,
        0.07319507207588495,
        -3.5135817344338543e-17,
        0.07957400425399688,
        0.07764802726900287,
        1.2149739764255067e-17,
        1.134485958823199e-16,
        0.10402185799087402,
        0.09414953033450021,
        5.5521683303901025e-18,
        0.09131331113083889,
        4.3130920452202965e-18,
        5.67700682827033e-17,
        0.0580472682601483
      ],
      [
        3.054552898729947e-17,
        0.07981170762801706,
        0.07268912090828064,
        -2.1333619390740587e-17,
        0.07052648062620824,
        -2.5078494650189855e-17,
        -5.992563386802335e-18,
        0.044504237070032863,
        0.09663025994505779,
        -6.615400934709566e-19,
        1.1526167905136576e-17,
        0.05607261212307478,
        4.698860754322215e-17,
        0.06098324914599939,
        0.05991270731674352,
        2.51778545121898e-17
      ],
      [
        -4.9441656330871296e-17,
        0.07268912090828064,
        0.06638985343108737,
        -6.556092071068587e-17,
        0.06441936354909805,
        -7.355535071294398e-17,
        -5.357171845359783e-17,
        0.040525012499359275,
        0.08807991189732965,
        -6.570421521368109e-17,
        -4.964672488224073e-17,
        0.05121593144298788,
        -1.4784758537011438e-17,
        0.05567094949143565,
        0.05458893544148798,
        -1.2457741155378881e-17
      ],
      [
        0.07319507207588495,
        -2.1333619390740587e-17,
        -6.556092071068587e-17,
        0.04295278311791678,
        -5.556385228030415e-17,
        0.04665581922878867,
        0.045379774602893594,
        -1.44390421616565e-17,
        1.8007974878266353e-17,
        0.06076442576837755,
        0.05517604339656546,
        -2.4896783692565248e-17,
        0.05351295091763688,
        -2.849202863131984e-17,
        2.828023506192553e-18,
        0.033891544269576974
      ],
      [
        -3.5135817344338543e-17,
        0.07052648062620824,
        0.06441936354909805,
        -5.556385228030415e-17,
        0.06253671316790521,
        -6.317613862769228e-17,
        -4.450103392257982e-17,
        0.03932583998279489,
        0.08547436434827664,
        -5.328485261840804e-17,
        -3.850841232371987e-17,
        0.04971245164649151,
        -5.0402791136571705e-18,
        0.05402379959898122,
        0.05296017853888012,
        -6.315969492950095e-18
      ],
      [
        0.07957400425399688,
        -2.5078494650189855e-17,
        -7.355535071294398e-17,
        0.04665581922878867,
        -6.317613862769228e-17,
        0.05071188283976785,
        0.04932198165370551,
        -1.680954863065633e-17,
        1.688327460663258e-17,
        0.06605358397048057,
        0.05996077642257451,
        -2.943469738676422e-17,
        0.05815427973642475,
        -3.231406662207678e-17,
        2.7083185993623665e-18,
        0.03684727584109766
      ],
      [
        0.07764802726900287,
        -5.992563386802335e-18,
        -5.357171845359783e-17,
        0.045379774602893594,
        -4.450103392257982e-17,
        0.04932198165370551,
        0.04817093449060369,
        -6.50073069161623e-18,
        4.0109611556268395e-17,
        0.06448437272636814,
        0.058364673951839904,
        -1.4642979546052e-17,
        0.05661411581592036,
        -1.6083382475940626e-17,
        1.7393748953232664e-17,
        0.03600204608726186
      ],
      [
        1.2149739764255067e-17,
        0.044504237070032863,
        0.040525012499359275,
        -1.44390421616565e-17,
        0.03932583998279489,
        -1.680954863065633e-17,
        -6.50073069161623e-18,
        0.024827918546275956,
        0.05388665887786384,
        -4.297773437803323e-18,
        3.1332340517773597e-18,
        0.031264761959173056,
        2.2836239540162363e-17,
        0.03400186000476896,
        0.033408280637711334,
        1.1636921131192068e-17
      ],
      [
        1.134485958823199e-16,
        0.09663025994505779,
        0.08807991189732965,
        1.8007974878266353e-17,
        0.08547436434827664,
        1.688327460663258e-17,
        4.0109611556268395e-17,
        0.05388665887786384,
        0.11705099291624013,
        6.185811832193585e-17,
        6.962911082849343e-17,
        0.0679434131359618,
        1.1157447405364512e-16,
        0.07386557459360477,
        0.07254206413322449,
        6.634221504221614e-17
      ],
      [
        0.10402185799087402,
        -6.615400934709566e-19,
        -6.570421521368109e-17,
        0.06076442576837755,
        -5.328485261840804e-17,
        0.06605358397048057,
        0.06448437272636814,
        -4.297773437803323e-18,
        6.185811832193585e-17,
        0.08639848827935531,
        0.07816058554042178,
        -1.485202870357936e-17,
        0.07580970668924497,
        -1.6746808353522628e-17,
        2.798595502451329e-17,
        0.04820182998939787
      ],
      [
        0.09414953033450021,
        1.1526167905136576e-17,
        -4.964672488224073e-17,
        0.05517604339656546,
        -3.850841232371987e-17,
        0.05996077642257451,
        0.058364673951839904,
        3.1332340517773597e-18,
        6.962911082849343e-17,
        0.07816058554042178,
        0.07091742442651165,
        -6.1011822323032385e-18,
        0.06877171947475821,
        -6.7857410759322e-18,
        3.422081788651244e-17,
        0.04361032324638215
      ],
      [
        5.5521683303901025e-18,
        0.05607261212307478,
        0.05121593144298788,
        -2.4896783692565248e-17,
        0.04971245164649151,
        -2.943469738676422e-17,
        -1.4642979546052e-17,
        0.031264761959173056,
        0.0679434131359618,
        -1.485202870357936e-17,
        -6.1011822323032385e-18,
        0.03957906466798592,
        2.00286473853748e-17,
        0.042989612596071355,
        0.04208938992034669,
        1.0652651517837373e-17
      ],
      [
        0.09131331113083889,
        4.698860754322215e-17,
        -1.4784758537011438e-17,
        0.05351295091763688,
        -5.0402791136571705e-18,
        0.05815427973642475,
        0.05661411581592036,
        2.2836239540162363e-17,
        1.1157447405364512e-16,
        0.07580970668924497,
        0.06877171947475821,
        2.00286473853748e-17,
        0.06671160747469945,
        2.1354901243198953e-17,
        6.019080374741306e-17,
        0.0422891726998928
      ],
      [
        4.3130920452202965e-18,
        0.06098324914599939,
        0.05567094949143565,
        -2.849202863131984e-17,
        0.05402379959898122,
        -3.231406662207678e-17,
        -1.6083382475940626e-17,
        0.03400186000476896,
        0.07386557459360477,
        -1.6746808353522628e-17,
        -6.7857410759322e-18,
        0.042989612596071355,
        2.1354901243198953e-17,
        0.046747596493940356,
        0.0457965048774412,
        1.0846590774339725e-17
      ],
      [
        5.67700682827033e-17,
        0.05991270731674352,
        0.05458893544148798,
        2.828023506192553e-18,
        0.05296017853888012,
        2.7083185993623665e-18,
        1.7393748953232664e-17,
        0.033408280637711334,
        0.07254206413322449,
        2.798595502451329e-17,
        3.422081788651244e-17,
        0.04208938992034669,
        6.019080374741306e-17,
        0.0457965048774412,
        0.045004153376078986,
        3.4884925706513225e-17
      ],
      [
        0.0580472682601483,
        2.51778545121898e-17,
        -1.2457741155378881e-17,
        0.033891544269576974,
        -6.315969492950095e-18,
        0.03684727584109766,
        0.03600204608726186,
        1.1636921131192068e-17,
        6.634221504221614e-17,
        0.04820182998939787,
        0.04361032324638215,
        1.0652651517837373e-17,
        0.0422891726998928,
        1.0846590774339725e-17,
        3.4884925706513225e-17,
        0.026929697128069238
      ]
    ],
    "sigma": [
      3.422136933126604e-05,
      6.1891642386045054e-06,
      2.1832659373286525e-05,
      3.640191186535331e-06,
      6.490366114951908e-05,
      0.0003534174580963039,
      0.5176344470769818,
      5.5766029429616644e-06,
      4.674722577999397e-06,
      2.351510034080278e-05,
      2.594582804839826e-06,
      1.142330419649487e-05,
      1.606457161767636e-08,
      0.0002475020685863327,
      0.4815858980444658,
      1.479291548699985e-07
    ],
    "noiseless_sigma": [
      3.422136933126604e-05,
      6.1891642386045054e-06,
      2.1832659373286525e-05,
      3.640191186535331e-06,
      6.490366114951908e-05,
      0.0003534174580963039,
      0.5176344470769818,
      5.5766029429616644e-06,
      4.674722577999397e-06,
      2.351510034080278e-05,
      2.594582804839826e-06,
      1.142330419649487e-05,
      1.606457161767636e-08,
      0.0002475020685863327,
      0.4815858980444658,
      1.479291548699985e-07
    ],
    "eigenvalues": [
      1.606457161767636e-08,
      1.479291548699985e-07,
      2.594582804839826e-06,
      3.640191186535331e-06,
      4.674722577999397e-06,
      5.5766029429616644e-06,
      6.1891642386045054e-06,
      1.142330419649487e-05,
      2.1832659373286525e-05,
      2.351510034080278e-05,
      3.422136933126604e-05,
      6.490366114951908e-05,
      0.0002475020685863327,
      0.0003534174580963039,
      0.4815858980444658,
      0.5176344470769818
    ],
    "noiseless_eigenvalues": [
      1.606457161767636e-08,
      1.479291548699985e-07,
      2.594582804839826e-06,
      3.640191186535331e-06,
      4.674722577999397e-06,
      5.5766029429616644e-06,
      6.1891642386045054e-06,
      1.142330419649487e-05,
      2.1832659373286525e-05,
      2.351510034080278e-05,
      3.422136933126604e-05,
      6.490366114951908e-05,
      0.0002475020685863327,
      0.0003534174580963039,
      0.4815858980444658,
      0.5176344470769818
    ],
    "hamiltonian_eigenvalues": [
      -4.196825684407659,
      -4.160733344200044,
      -0.552138378186156,
      -0.3740228686097886,
      0.2952345841973587,
      0.6152614597451773,
      0.8028652100965976,
      0.8399831087906255,
      1.1638588530530365,
      1.4702865715470521,
      1.5223967016291855,
      1.610601691651679,
      1.7356684993180256,
      1.9049737339167567,
      3.3371975029065455,
      4.4472560775075145
    ],
    "noiseless_hamiltonian_eigenvalues": [
      -4.196825684407659,
      -4.160733344200044,
      -0.552138378186156,
      -0.3740228686097886,
      0.2952345841973587,
      0.6152614597451773,
      0.8028652100965976,
      0.8399831087906255,
      1.1638588530530365,
      1.4702865715470521,
      1.5223967016291855,
      1.610601691651679,
      1.7356684993180256,
      1.9049737339167567,
      3.3371975029065455,
      4.4472560775075145
    ]
  },
  "exact_result": {
    "hamiltonian_matrix": [
      [
        [
          -2.0,
          0.0
        ],
        [
          0.0,
          0.0
        ],
        [
          0.0,
          0.0
        ],
        [
          -1.0,
          0.0
        ],
        [
          0.0,
          0.0
        ],
        [
          0.0,
          0.0
        ],
        [
          -1.0,
          0.0
        ],
        [
          0.0,
          0.0
        ],
        [
          0.0,
          0.0
        ],
        [
          -1.0,
          0.0
        ],
        [
          0.0,
          0.0
        ],
        [
          0.0,
          0.0
        ],
        [
          -1.0,
          0.0
        ],
        [
          0.0,
          0.0
        ],
        [
          0.0,
          0.0
        ],
        [
          0.0,
          0.0
        ]
      ],
      [
        [
          0.0,
          0.0
        ],
        [
          -1.0,
          0.0
        ],
        [
          -1.0,
          0.0
        ],
        [
          0.0,
          0.0
        ],
        [
          0.0,
          0.0
        ],
        [
          0.0,
          0.0
        ],
        [
          0.0,
          0.0
        ],
        [
          -1.0,
          0.0
        ],
        [
          -1.0,
          0.0
        ],
        [
          0.0,
          0.0
        ],
        [
          0.0,
          0.0
        ],
        [
          0.0,
          0.0
        ],
        [
          0.0,
          0.0
        ],
        [
          -1.0,
          0.0
        ],
        [
          0.0,
          0.0
        ],
        [
          0.0,
          0.0
        ]
      ],
      [
        [
          0.0,
          0.0
        ],
        [
          -1.0,
          0.0
        ],
        [
          -1.0,
          0.0
        ],
        [
          0.0,
          0.0
        ],
        [
          -1.0,
          0.0
        ],
        [
          0.0,
          0.0
        ],
        [
          0.0,
          0.0
        ],
        [
          0.0,
          0.0
        ],
        [
          0.0,
          0.0
        ],
        [
          0.0,
          0.0
        ],
        [
          0.0,
          0.0
        ],
        [
          -1.0,
          0.0
        ],
        [
          0.0,
          0.0
        ],
        [
          0.0,
          0.0
        ],
        [
          -1.0,
          0.0
        ],
        [
          0.0,
          0.0
        ]
      ],
      [
        [
          -1.0,
          0.0
        ],
        [
          0.0,
          0.0
        ],
        [
          0.0,
          0.0
        ],
        [
          0.0,
          0.0
        ],
        [
          0.0,
          0.0
        ],
        [
          -1.0,
          0.0
        ],
        [
          0.0,
          0.0
        ],
        [
          0.0,
          0.0
        ],
        [
          0.0,
          0.0
        ],
        [
          0.0,
          0.0
        ],
        [
          -1.0,
          0.0
        ],
        [
          0.0,
          0.0
        ],
        [
          0.0,
          0.0
        ],
        [
          0.0,
          0.0
        ],
        [
          0.0,
          0.0
        ],
        [
          -1.0,
          0.0
        ]
      ],
      [
        [
          0.0,
          0.0
        ],
        [
          0.0,
          0.0
        ],
        [
          -1.0,
          0.0
        ],
        [
          0.0,
          0.0
        ],
        [
          -1.0,
          0.0
        ],
        [
          0.0,
          0.0
        ],
        [
          0.0,
          0.0
        ],
        [
          -1.0,
          0.0
        ],
        [
          -1.0,
          0.0
        ],
        [
          0.0,
          0.0
        ],
        [
          0.0,
          0.0
        ],
        [
          0.0,
          0.0
        ],
        [
          0.0,
          0.0
        ],
        [
          -1.0,
          0.0
        ],
        [
          0.0,
          0.0
        ],
        [
          0.0,
          0.0
        ]
      ],
      [
        [
          0.0,
          0.0
        ],
        [
          0.0,
          0.0
        ],
        [
          0.0,
          0.0
        ],
        [
          -1.0,
          0.0
        ],
        [
          0.0,
          0.0
        ],
        [
          0.0,
          0.0
        ],
        [
          -1.0,
          0.0
        ],
        [
          0.0,
          0.0
        ],
        [
          0.0,
          0.0
        ],
        [
          -1.0,
          0.0
        ],
        [
          0.0,
          0.0
        ],
        [
          0.0,
          0.0
        ],
        [
          -1.0,
          0.0
        ],
        [
          0.0,
          0.0
        ],
        [
          0.0,
          0.0
        ],
        [
          0.0,
          0.0
        ]
      ],
      [
        [
          -1.0,
          0.0
        ],
        [
          0.0,
          0.0
        ],
        [
          0.0,
          0.0
        ],
        [
          0.0,
          0.0
        ],
        [
          0.0,
          0.0
        ],
        [
          -1.0,
          0.0
        ],
        [
          0.0,
          0.0
        ],
        [
          0.0,
          0.0
        ],
        [
          0.0,
          0.0
        ],
        [
          0.0,
          0.0
        ],
        [
          -1.0,
          0.0
        ],
        [
          0.0,
          0.0
        ],
        [
          0.0,
          0.0
        ],
        [
          0.0,
          0.0
        ],
        [
          0.0,
          0.0
        ],
        [
          -1.0,
          0.0
        ]
      ],
      [
        [
          0.0,
          0.0
        ],
        [
          -1.0,
          0.0
        ],
        [
          0.0,
          0.0
        ],
        [
          0.0,
          0.0
        ],
        [
          -1.0,
          0.0
        ],
        [
          0.0,
          0.0
        ],
        [
          0.0,
          0.0
        ],
        [
          1.0,
          0.0
        ],
        [
          0.0,
          0.0
        ],
        [
          0.0,
          0.0
        ],
        [
          0.0,
          0.0
        ],
        [
          -1.0,
          0.0
        ],
        [
          0.0,
          0.0
        ],
        [
          0.0,
          0.0
        ],
        [
          -1.0,
          0.0
        ],
        [
          0.0,
          0.0
        ]
      ],
      [
        [
          0.0,
          0.0
        ],
        [
          -1.0,
          0.0
        ],
        [
          0.0,
          0.0
        ],
        [
          0.0,
          0.0
        ],
        [
          -1.0,
          0.0
        ],
        [
          0.0,
          0.0
        ],
        [
          0.0,
          0.0
        ],
        [
          0.0,
          0.0
        ],
        [
          -1.0,
          0.0
        ],
        [
          0.0,
          0.0
        ],
        [
          0.0,
          0.0
        ],
        [
          -1.0,
          0.0
        ],
        [
          0.0,
          0.0
        ],
        [
          0.0,
          0.0
        ],
        [
          -1.0,
          0.0
        ],
        [
          0.0,
          0.0
        ]
      ],
      [
        [
          -1.0,
          0.0
        ],
        [
          0.0,
          0.0
        ],
        [
          0.0,
          0.0
        ],
        [
          0.0,
          0.0
        ],
        [
          0.0,
          0.0
        ],
        [
          -1.0,
          0.0
        ],
        [
          0.0,
          0.0
        ],
        [
          0.0,
          0.0
        ],
        [
          0.0,
          0.0
        ],
        [
          0.0,
          0.0
        ],
        [
          -1.0,
          0.0
        ],
        [
          0.0,
          0.0
        ],
        [
          0.0,
          0.0
        ],
        [
          0.0,
          0.0
        ],
        [
          0.0,
          0.0
        ],
        [
          -1.0,
          0.0
        ]
      ],
      [
        [
          0.0,
          0.0
        ],
        [
          0.0,
          0.0
        ],
        [
          0.0,
          0.0
        ],
        [
          -1.0,
          0.0
        ],
        [
          0.0,
          0.0
        ],
        [
          0.0,
          0.0
        ],
        [
          -1.0,
          0.0
        ],
        [
          0.0,
          0.0
        ],
        [
          0.0,
          0.0
        ],
        [
          -1.0,
          0.0
        ],
        [
          0.0,
          0.0
        ],
        [
          0.0,
          0.0
        ],
        [
          -1.0,
          0.0
        ],
        [
          0.0,
          0.0
        ],
        [
          0.0,
          0.0
        ],
        [
          0.0,
          0.0
        ]
      ],
      [
        [
          0.0,
          0.0
        ],
        [
          0.0,
          0.0
        ],
        [
          -1.0,
          0.0
        ],
        [
          0.0,
          0.0
        ],
        [
          0.0,
          0.0
        ],
        [
          0.0,
          0.0
        ],
        [
          0.0,
          0.0
        ],
        [
          -1.0,
          0.0
        ],
        [
          -1.0,
          0.0
        ],
        [
          0.0,
          0.0
        ],
        [
          0.0,
          0.0
        ],
        [
          1.0,
          0.0
        ],
        [
          0.0,
          0.0
        ],
        [
          -1.0,
          0.0
        ],
        [
          0.0,
          0.0
        ],
        [
          0.0,
          0.0
        ]
      ],
      [
        [
          -1.0,
          0.0
        ],
        [
          0.0,
          0.0
        ],
        [
          0.0,
          0.0
        ],
        [
          0.0,
          0.0
        ],
        [
          0.0,
          0.0
        ],
        [
          -1.0,
          0.0
        ],
        [
          0.0,
          0.0
        ],
        [
          0.0,
          0.0
        ],
        [
          0.0,
          0.0
        ],
        [
          0.0,
          0.0
        ],
        [
          -1.0,
          0.0
        ],
        [
          0.0,
          0.0
        ],
        [
          0.0,
          0.0
        ],
        [
          0.0,
          0.0
        ],
        [
          0.0,
          0.0
        ],
        [
          -1.0,
          0.0
        ]
      ],
      [
        [
          0.0,
          0.0
        ],
        [
          -1.0,
          0.0
        ],
        [
          0.0,
          0.0
        ],
        [
          0.0,
          0.0
        ],
        [
          -1.0,
          0.0
        ],
        [
          0.0,
          0.0
        ],
        [
          0.0,
          0.0
        ],
        [
          0.0,
          0.0
        ],
        [
          0.0,
          0.0
        ],
        [
          0.0,
          0.0
        ],
        [
          0.0,
          0.0
        ],
        [
          -1.0,
          0.0
        ],
        [
          0.0,
          0.0
        ],
        [
          1.0,
          0.0
        ],
        [
          -1.0,
          0.0
        ],
        [
          0.0,
          0.0
        ]
      ],
      [
        [
          0.0,
          0.0
        ],
        [
          0.0,
          0.0
        ],
        [
          -1.0,
          0.0
        ],
        [
          0.0,
          0.0
        ],
        [
          0.0,
          0.0
        ],
        [
          0.0,
          0.0
        ],
        [
          0.0,
          0.0
        ],
        [
          -1.0,
          0.0
        ],
        [
          -1.0,
          0.0
        ],
        [
          0.0,
          0.0
        ],
        [
          0.0,
          0.0
        ],
        [
          0.0,
          0.0
        ],
        [
          0.0,
          0.0
        ],
        [
          -1.0,
          0.0
        ],
        [
          1.0,
          0.0
        ],
        [
          0.0,
          0.0
        ]
      ],
      [
        [
          0.0,
          0.0
        ],
        [
          0.0,
          0.0
        ],
        [
          0.0,
          0.0
        ],
        [
          -1.0,
          0.0
        ],
        [
          0.0,
          0.0
        ],
        [
          0.0,
          0.0
        ],
        [
          -1.0,
          0.0
        ],
        [
          0.0,
          0.0
        ],
        [
          0.0,
          0.0
        ],
        [
          -1.0,
          0.0
        ],
        [
          0.0,
          0.0
        ],
        [
          0.0,
          0.0
        ],
        [
          -1.0,
          0.0
        ],
        [
          0.0,
          0.0
        ],
        [
          0.0,
          0.0
        ],
        [
          2.0,
          0.0
        ]
      ]
    ],
    "gibbs_state": [
      [
        0.17357290183492738,
        0.0,
        0.0,
        0.09794531267232608,
        0.0,
        0.09142068696950713,
        0.09794531267232608,
        0.0,
        0.0,
        0.09794531267232608,
        0.09142068696950713,
        0.0,
        0.09794531267232608,
        0.0,
        0.0,
        0.06238777152715543
      ],
      [
        0.0,
        0.08733578066231984,
        0.0869060139504875,
        0.0,
        0.08659290125099811,
        0.0,
        0.0,
        0.05373722723575035,
        0.0869060139504875,
        0.0,
        0.0,
        0.053701185663421525,
        0.0,
        0.05373722723575035,
        0.053701185663421525,
        0.0
      ],
      [
        0.0,
        0.08690601395048747,
        0.08733578066231987,
        0.0,
        0.0869060139504875,
        0.0,
        0.0,
        0.05370118566342153,
        0.08659290125099812,
        0.0,
        0.0,
        0.053737227235750355,
        0.0,
        0.05370118566342151,
        0.053737227235750355,
        0.0
      ],
      [
        0.0979453126723261,
        0.0,
        0.0,
        0.05580325883576766,
        0.0,
        0.05223496918757254,
        0.05570272104022578,
        0.0,
        0.0,
        0.05570272104022577,
        0.05223496918757253,
        0.0,
        0.05570272104022577,
        0.0,
        0.0,
        0.035557541145170644
      ],
      [
        0.0,
        0.08659290125099808,
        0.08690601395048747,
        0.0,
        0.08733578066231985,
        0.0,
        0.0,
        0.05373722723575035,
        0.0869060139504875,
        0.0,
        0.0,
        0.053701185663421525,
        0.0,
        0.05373722723575035,
        0.053701185663421525,
        0.0
      ],
      [
        0.09142068696950717,
        0.0,
        0.0,
        0.05223496918757254,
        0.0,
        0.04911820834883797,
        0.05223496918757253,
        0.0,
        0.0,
        0.05223496918757253,
        0.04901767055329609,
        0.0,
        0.05223496918757253,
        0.0,
        0.0,
        0.03335485608480376
      ],
      [
        0.0979453126723261,
        0.0,
        0.0,
        0.05570272104022578,
        0.0,
        0.05223496918757253,
        0.055803258835767644,
        0.0,
        0.0,
        0.05570272104022577,
        0.05223496918757253,
        0.0,
        0.05570272104022577,
        0.0,
        0.0,
        0.03555754114517064
      ],
      [
        0.0,
        0.05373722723575035,
        0.05370118566342151,
        0.0,
        0.053737227235750355,
        0.0,
        0.0,
        0.03323391687642648,
        0.053701185663421525,
        0.0,
        0.0,
        0.033204828287065995,
        0.0,
        0.03322031056539082,
        0.033204828287065995,
        0.0
      ],
      [
        0.0,
        0.08690601395048746,
        0.0865929012509981,
        0.0,
        0.08690601395048748,
        0.0,
        0.0,
        0.053701185663421525,
        0.08733578066231987,
        0.0,
        0.0,
        0.05373722723575035,
        0.0,
        0.0537011856634215,
        0.05373722723575035,
        0.0
      ],
      [
        0.09794531267232613,
        0.0,
        0.0,
        0.05570272104022579,
        0.0,
        0.05223496918757254,
        0.05570272104022579,
        0.0,
        0.0,
        0.05580325883576767,
        0.05223496918757254,
        0.0,
        0.05570272104022578,
        0.0,
        0.0,
        0.035557541145170644
      ],
      [
        0.09142068696950714,
        0.0,
        0.0,
        0.05223496918757253,
        0.0,
        0.04901767055329609,
        0.05223496918757253,
        0.0,
        0.0,
        0.05223496918757252,
        0.04911820834883796,
        0.0,
        0.05223496918757252,
        0.0,
        0.0,
        0.033354856084803756
      ],
      [
        0.0,
        0.0537011856634215,
        0.05373722723575035,
        0.0,
        0.05370118566342151,
        0.0,
        0.0,
        0.03320482828706599,
        0.05373722723575035,
        0.0,
        0.0,
        0.033233916876426475,
        0.0,
        0.03320482828706599,
        0.033220310565390834,
        0.0
      ],
      [
        0.0979453126723261,
        0.0,
        0.0,
        0.05570272104022578,
        0.0,
        0.05223496918757253,
        0.05570272104022577,
        0.0,
        0.0,
        0.05570272104022577,
        0.05223496918757253,
        0.0,
        0.055803258835767644,
        0.0,
        0.0,
        0.03555754114517064
      ],
      [
        0.0,
        0.053737227235750334,
        0.0537011856634215,
        0.0,
        0.05373722723575035,
        0.0,
        0.0,
        0.03322031056539082,
        0.05370118566342151,
        0.0,
        0.0,
        0.03320482828706599,
        0.0,
        0.03323391687642646,
        0.03320482828706599,
        0.0
      ],
      [
        0.0,
        0.05370118566342151,
        0.05373722723575035,
        0.0,
        0.053701185663421525,
        0.0,
        0.0,
        0.03320482828706599,
        0.05373722723575035,
        0.0,
        0.0,
        0.033220310565390834,
        0.0,
        0.03320482828706599,
        0.033233916876426475,
        0.0
      ],
      [
        0.06238777152715549,
        0.0,
        0.0,
        0.03555754114517065,
        0.0,
        0.03335485608480378,
        0.03555754114517065,
        0.0,
        0.0,
        0.035557541145170644,
        0.03335485608480378,
        0.0,
        0.035557541145170644,
        0.0,
        0.0,
        0.0226988559693407
      ]
    ],
    "energy": -4.242620258088315,
    "entropy": 0.7197363099434507,
    "cost": -4.6024884130600405,
    "eigenvalues": [
      1.959299676100258e-08,
      2.103427091549183e-08,
      7.112970471463039e-06,
      1.360631103564315e-05,
      1.3606311035651196e-05,
      6.270227788257242e-05,
      0.00010053779554185794,
      0.00010053779554186776,
      0.0001005377955418726,
      0.00010053779554189845,
      0.00016120384575741463,
      0.000742879411321716,
      0.0007428794113217681,
      0.0014210446075881035,
      0.4805418915523597,
      0.515890881491791
    ],
    "hamiltonian_eigenvalues": [
      -4.271558410139714,
      -4.23606797749979,
      -1.3243068937239126,
      -1.0000000000000004,
      -1.0,
      -0.23606797749978978,
      -5.004354428574223e-16,
      -8.53653240412687e-17,
      4.944816257507461e-17,
      2.0024993085310826e-16,
      0.23606797749978953,
      0.9999999999999996,
      1.0000000000000004,
