{
  "n": 4,
  "J": 1.0,
  "h": 0.5,
  "beta": 5.0,
  "calculated_result": {
    "n": 4,
    "J": 1.0,
    "h": 0.5,
    "beta": 5.0,
    "params": [
      7.16955440736311,
      19.39587583596754,
      1.8466014357658296,
      25.766467352395193,
      -0.13645429009503215,
      3.6124651313890084,
      15.043676279827114,
      25.61182351747794,
      16.949697718590986,
      -1.1871252274983324,
      15.458581743662341,
      7.418140147150208,
      8.8191852182685,
      -8.5272542689096,
      1.1541076341737464,
      -12.230402791730816,
      8.231194303199016,
      -10.193761968677096,
      -2.702819879263214,
      -15.905236841375492,
      1.1123147885584574,
      -16.366487703563163,
      4.671557804986803,
      -3.9604423937310114,
      -2.934353493219194,
      -2.014104167017367,
      10.34840383340663,
      -7.9587398947128705,
      -11.985920087043938,
      10.298531458271116,
      -2.7108118085940305,
      16.62556318887847,
      16.884961639691813,
      -9.335634815098798
    ],
    "cost": -1.8841039001094089,
    "energy": -1.5860368427440665,
    "entropy": 1.4903352868267117,
    "rho": [
      [
        0.05798612245332705,
        8.688558436043798e-17,
        5.3386941397893645e-17,
        0.011946422224411179,
        5.2692559813932094e-17,
        0.000909369884487164,
        0.01837897584213072,
        5.523336674779266e-17,
        4.25677291396927e-17,
        0.08170716038427943,
        0.028815760689138662,
        -4.1189892246741616e-17,
        0.04438367803725449,
        2.816768577019054e-17,
        -7.211447252037281e-18,
        0.04624262889723024
      ],
      [
        8.688558436043798e-17,
        0.08808515080988458,
        0.025794053128875994,
        -5.436122216027255e-17,
        0.033590347348974384,
        -2.942413701989114e-17,
        2.174567973336905e-17,
        0.06303027294935871,
        -0.01582915089340745,
        4.76648323405089e-17,
        7.026183517822787e-17,
        0.009672732704455105,
        5.898925060017897e-17,
        0.035939601027381515,
        -0.01954637949941996,
        2.1528292463880917e-17
      ],
      [
        5.3386941397893645e-17,
        0.025794053128875994,
        0.06316123323231428,
        -9.189596975921065e-18,
        0.04920545006424176,
        1.8992280705161836e-17,
        1.077763024378171e-17,
        0.03285058250318352,
        0.010810847869371566,
        -1.422009904334524e-17,
        1.507953001975164e-17,
        -0.03482643632723427,
        4.393839807520563e-17,
        -0.004914240360381918,
        0.02536751234120038,
        7.580468882926739e-18
      ],
      [
        0.011946422224411179,
        -5.436122216027255e-17,
        -9.189596975921065e-18,
        0.006834536118045986,
        -2.5489263611488973e-17,
        0.003658516832421623,
        0.0011458354173682207,
        -4.600204029843938e-17,
        2.4256934374848824e-17,
        0.021384882108349653,
        0.012131678965658704,
        -1.5087316360664833e-17,
        0.016304224093622057,
        -2.0857732170130867e-17,
        1.1353777516756769e-17,
        0.012966690934868916
      ],
      [
        5.2692559813932094e-17,
        0.033590347348974384,
        0.04920545006424176,
        -2.5489263611488973e-17,
        0.06884989828935618,
        -2.2507269550658097e-18,
        6.430726950234675e-18,
        0.036750845342144685,
        0.008972944397047359,
        -2.4491686185136084e-17,
        -8.23388645660904e-18,
        -0.02653814698365705,
        -5.771433372653669e-18,
        -0.005441738146912629,
        0.019261324104644477,
        -1.9929979501236494e-17
      ],
      [
        0.000909369884487164,
        -2.942413701989114e-17,
        1.8992280705161836e-17,
        0.003658516832421623,
        -2.2507269550658097e-18,
        0.03155174504245109,
        0.009451293128547355,
        -4.5268964473714536e-17,
        3.17116564861303e-17,
        0.009302130727546407,
        0.028999185629946717,
        -2.1808191479779666e-17,
        0.03809811773592436,
        -9.530496644988639e-18,
        2.999074939558488e-17,
        0.014879672720904171
      ],
      [
        0.01837897584213072,
        2.174567973336905e-17,
        1.077763024378171e-17,
        0.0011458354173682207,
        6.430726950234675e-18,
        0.009451293128547355,
        0.02203387659243782,
        1.0974869738201869e-18,
        1.8558925184021182e-17,
        0.019424521824509013,
        0.016963663106384568,
        -1.1680198986212404e-17,
        0.02408364996037844,
        1.1784000766853066e-17,
        8.043811248670387e-18,
        0.01982721789213223
      ],
      [
        5.523336674779266e-17,
        0.06303027294935871,
        0.03285058250318352,
        -4.600204029843938e-17,
        0.036750845342144685,
        -4.5268964473714536e-17,
        1.0974869738201869e-18,
        0.055862662864577806,
        -0.005155880117560524,
        -1.2123031486317907e-17,
        1.09978596327789e-18,
        -0.0030102330116777674,
        -2.39877653524104e-17,
        0.01999391028844965,
        -0.00777220758682618,
        -2.824604289362671e-17
      ],
      [
        4.25677291396927e-17,
        -0.01582915089340745,
        0.010810847869371566,
        2.4256934374848824e-17,
        0.008972944397047359,
        3.17116564861303e-17,
        1.8558925184021182e-17,
        -0.005155880117560524,
        0.02858234554149726,
        7.05970559749582e-17,
        2.464517043909214e-17,
        -0.009511061681312194,
        7.974483493269651e-17,
        -0.014491333445337096,
        0.022888638414114808,
        5.4378738742970696e-17
      ],
      [
        0.08170716038427943,
        4.76648323405089e-17,
        -1.422009904334524e-17,
        0.021384882108349653,
        -2.4491686185136084e-17,
        0.009302130727546407,
        0.019424521824509013,
        -1.2123031486317907e-17,
        7.05970559749582e-17,
        0.1616410442546214,
        0.057960011805838166,
        -2.6912549126505665e-17,
        0.10784045833898064,
        3.399785520141357e-17,
        -5.392285019797076e-17,
        0.0922446521820855
      ],
      [
        0.028815760689138662,
        7.026183517822787e-17,
        1.507953001975164e-17,
        0.012131678965658704,
        -8.23388645660904e-18,
        0.028999185629946717,
        0.016963663106384568,
        1.09978596327789e-18,
        2.464517043909214e-17,
        0.057960011805838166,
        0.060676431254908486,
        6.5144285935403795e-18,
        0.06844364428347358,
        5.079601119732993e-17,
        -3.162873983097521e-17,
        0.04486231632235035
      ],
      [
        -4.1189892246741616e-17,
        0.009672732704455105,
        -0.03482643632723427,
        -1.5087316360664833e-17,
        -0.02653814698365705,
        -2.1808191479779666e-17,
        -1.1680198986212404e-17,
        -0.0030102330116777674,
        -0.009511061681312194,
        -2.6912549126505665e-17,
        6.5144285935403795e-18,
        0.039337386245107145,
        -3.449053607624235e-17,
        0.02000378498274946,
        -0.03186918558732608,
        -2.814797377844624e-17
      ],
      [
        0.04438367803725449,
        5.898925060017897e-17,
        4.393839807520563e-17,
        0.016304224093622057,
        -5.771433372653669e-18,
        0.03809811773592436,
        0.02408364996037844,
        -2.39877653524104e-17,
        7.974483493269651e-17,
        0.10784045833898064,
        0.06844364428347358,
        -3.449053607624235e-17,
        0.15451590047546326,
        4.4624625100280304e-17,
        -1.7346661870128018e-17,
        0.08528987216070665
      ],
      [
        2.816768577019054e-17,
        0.035939601027381515,
        -0.004914240360381918,
        -2.0857732170130867e-17,
        -0.005441738146912629,
        -9.530496644988639e-18,
        1.1784000766853066e-17,
        0.01999391028844965,
        -0.014491333445337096,
        3.399785520141357e-17,
        5.079601119732993e-17,
        0.02000378498274946,
        4.4624625100280304e-17,
        0.04190154473771543,
        -0.020214242560480083,
        1.2315575375210092e-17
      ],
      [
        -7.211447252037281e-18,
        -0.01954637949941996,
        0.02536751234120038,
        1.1353777516756769e-17,
        0.019261324104644477,
        2.999074939558488e-17,
        8.043811248670387e-18,
        -0.00777220758682618,
        0.022888638414114808,
        -5.392285019797076e-17,
        -3.162873983097521e-17,
        -0.03186918558732608,
        -1.7346661870128018e-17,
        -0.020214242560480083,
        0.04824429062248918,
        -1.5658032186670785e-17
      ],
      [
        0.04624262889723024,
        2.1528292463880917e-17,
        7.580468882926739e-18,
        0.012966690934868916,
        -1.9929979501236494e-17,
        0.014879672720904171,
        0.01982721789213223,
        -2.824604289362671e-17,
        5.4378738742970696e-17,
        0.0922446521820855,
        0.04486231632235035,
        -2.814797377844624e-17,
        0.08528987216070665,
        1.2315575375210092e-17,
        -1.5658032186670785e-17,
        0.07073583146580312
      ]
    ],
    "noiseless_rho": [
      [
        0.05798612245332705,
        8.688558436043798e-17,
        5.3386941397893645e-17,
        0.011946422224411179,
        5.2692559813932094e-17,
        0.000909369884487164,
        0.01837897584213072,
        5.523336674779266e-17,
        4.25677291396927e-17,
        0.08170716038427943,
        0.028815760689138662,
        -4.1189892246741616e-17,
        0.04438367803725449,
        2.816768577019054e-17,
        -7.211447252037281e-18,
        0.04624262889723024
      ],
      [
        8.688558436043798e-17,
        0.08808515080988458,
        0.025794053128875994,
        -5.436122216027255e-17,
        0.033590347348974384,
        -2.942413701989114e-17,
        2.174567973336905e-17,
        0.06303027294935871,
        -0.01582915089340745,
        4.76648323405089e-17,
        7.026183517822787e-17,
        0.009672732704455105,
        5.898925060017897e-17,
        0.035939601027381515,
        -0.01954637949941996,
        2.1528292463880917e-17
      ],
      [
        5.3386941397893645e-17,
        0.025794053128875994,
        0.06316123323231428,
        -9.189596975921065e-18,
        0.04920545006424176,
        1.8992280705161836e-17,
        1.077763024378171e-17,
        0.03285058250318352,
        0.010810847869371566,
        -1.422009904334524e-17,
        1.507953001975164e-17,
        -0.03482643632723427,
        4.393839807520563e-17,
        -0.004914240360381918,
        0.02536751234120038,
        7.580468882926739e-18
      ],
      [
        0.011946422224411179,
        -5.436122216027255e-17,
        -9.189596975921065e-18,
        0.006834536118045986,
        -2.5489263611488973e-17,
        0.003658516832421623,
        0.0011458354173682207,
        -4.600204029843938e-17,
        2.4256934374848824e-17,
        0.021384882108349653,
        0.012131678965658704,
        -1.5087316360664833e-17,
        0.016304224093622057,
        -2.0857732170130867e-17,
        1.1353777516756769e-17,
        0.012966690934868916
      ],
      [
        5.2692559813932094e-17,
        0.033590347348974384,
        0.04920545006424176,
        -2.5489263611488973e-17,
        0.06884989828935618,
        -2.2507269550658097e-18,
        6.430726950234675e-18,
        0.036750845342144685,
        0.008972944397047359,
        -2.4491686185136084e-17,
        -8.23388645660904e-18,
        -0.02653814698365705,
        -5.771433372653669e-18,
        -0.005441738146912629,
        0.019261324104644477,
        -1.9929979501236494e-17
      ],
      [
        0.000909369884487164,
        -2.942413701989114e-17,
        1.8992280705161836e-17,
        0.003658516832421623,
        -2.2507269550658097e-18,
        0.03155174504245109,
        0.009451293128547355,
        -4.5268964473714536e-17,
        3.17116564861303e-17,
        0.009302130727546407,
        0.028999185629946717,
        -2.1808191479779666e-17,
        0.03809811773592436,
        -9.530496644988639e-18,
        2.999074939558488e-17,
        0.014879672720904171
      ],
      [
        0.01837897584213072,
        2.174567973336905e-17,
        1.077763024378171e-17,
        0.0011458354173682207,
        6.430726950234675e-18,
        0.009451293128547355,
        0.02203387659243782,
        1.0974869738201869e-18,
        1.8558925184021182e-17,
        0.019424521824509013,
        0.016963663106384568,
        -1.1680198986212404e-17,
        0.02408364996037844,
        1.1784000766853066e-17,
        8.043811248670387e-18,
        0.01982721789213223
      ],
      [
        5.523336674779266e-17,
        0.06303027294935871,
        0.03285058250318352,
        -4.600204029843938e-17,
        0.036750845342144685,
        -4.5268964473714536e-17,
        1.0974869738201869e-18,
        0.055862662864577806,
        -0.005155880117560524,
        -1.2123031486317907e-17,
        1.09978596327789e-18,
        -0.0030102330116777674,
        -2.39877653524104e-17,
        0.01999391028844965,
        -0.00777220758682618,
        -2.824604289362671e-17
      ],
      [
        4.25677291396927e-17,
        -0.01582915089340745,
        0.010810847869371566,
        2.4256934374848824e-17,
        0.008972944397047359,
        3.17116564861303e-17,
        1.8558925184021182e-17,
        -0.005155880117560524,
        0.02858234554149726,
        7.05970559749582e-17,
        2.464517043909214e-17,
        -0.009511061681312194,
        7.974483493269651e-17,
        -0.014491333445337096,
        0.022888638414114808,
        5.4378738742970696e-17
      ],
      [
        0.08170716038427943,
        4.76648323405089e-17,
        -1.422009904334524e-17,
        0.021384882108349653,
        -2.4491686185136084e-17,
        0.009302130727546407,
        0.019424521824509013,
        -1.2123031486317907e-17,
        7.05970559749582e-17,
        0.1616410442546214,
        0.057960011805838166,
        -2.6912549126505665e-17,
        0.10784045833898064,
        3.399785520141357e-17,
        -5.392285019797076e-17,
        0.0922446521820855
      ],
      [
        0.028815760689138662,
        7.026183517822787e-17,
        1.507953001975164e-17,
        0.012131678965658704,
        -8.23388645660904e-18,
        0.028999185629946717,
        0.016963663106384568,
        1.09978596327789e-18,
        2.464517043909214e-17,
        0.057960011805838166,
        0.060676431254908486,
        6.5144285935403795e-18,
        0.06844364428347358,
        5.079601119732993e-17,
        -3.162873983097521e-17,
        0.04486231632235035
      ],
      [
        -4.1189892246741616e-17,
        0.009672732704455105,
        -0.03482643632723427,
        -1.5087316360664833e-17,
        -0.02653814698365705,
        -2.1808191479779666e-17,
        -1.1680198986212404e-17,
        -0.0030102330116777674,
        -0.009511061681312194,
        -2.6912549126505665e-17,
        6.5144285935403795e-18,
        0.039337386245107145,
        -3.449053607624235e-17,
        0.02000378498274946,
        -0.03186918558732608,
        -2.814797377844624e-17
      ],
      [
        0.04438367803725449,
        5.898925060017897e-17,
        4.393839807520563e-17,
        0.016304224093622057,
        -5.771433372653669e-18,
        0.03809811773592436,
        0.02408364996037844,
        -2.39877653524104e-17,
        7.974483493269651e-17,
        0.10784045833898064,
        0.06844364428347358,
        -3.449053607624235e-17,
        0.15451590047546326,
        4.4624625100280304e-17,
        -1.7346661870128018e-17,
        0.08528987216070665
      ],
      [
        2.816768577019054e-17,
        0.035939601027381515,
        -0.004914240360381918,
        -2.0857732170130867e-17,
        -0.005441738146912629,
        -9.530496644988639e-18,
        1.1784000766853066e-17,
        0.01999391028844965,
        -0.014491333445337096,
        3.399785520141357e-17,
        5.079601119732993e-17,
        0.02000378498274946,
        4.4624625100280304e-17,
        0.04190154473771543,
        -0.020214242560480083,
        1.2315575375210092e-17
      ],
      [
        -7.211447252037281e-18,
        -0.01954637949941996,
        0.02536751234120038,
        1.1353777516756769e-17,
        0.019261324104644477,
        2.999074939558488e-17,
        8.043811248670387e-18,
        -0.00777220758682618,
        0.022888638414114808,
        -5.392285019797076e-17,
        -3.162873983097521e-17,
        -0.03186918558732608,
        -1.7346661870128018e-17,
        -0.020214242560480083,
        0.04824429062248918,
        -1.5658032186670785e-17
      ],
      [
        0.04624262889723024,
        2.1528292463880917e-17,
        7.580468882926739e-18,
        0.012966690934868916,
        -1.9929979501236494e-17,
        0.014879672720904171,
        0.01982721789213223,
        -2.824604289362671e-17,
        5.4378738742970696e-17,
        0.0922446521820855,
        0.04486231632235035,
        -2.814797377844624e-17,
        0.08528987216070665,
        1.2315575375210092e-17,
        -1.5658032186670785e-17,
        0.07073583146580312
      ]
    ],
    "sigma": [
      0.003825367552134734,
      0.3308309237444923,
      0.020950088443451982,
      0.029060195967187147,
      3.093400521978776e-06,
      0.002550021213118903,
      0.0010317162947544715,
      0.009433220226769607,
      0.022659702918675816,
      0.4668924018583328,
      0.041148630938478266,
      0.031181405966680606,
      0.008368318943196496,
      0.018959000378896917,
      7.077263452628618e-06,
      0.013098834889855436
    ],
    "noiseless_sigma": [
      0.003825367552134734,
      0.3308309237444923,
      0.020950088443451982,
      0.029060195967187147,
      3.093400521978776e-06,
      0.002550021213118903,
      0.0010317162947544715,
      0.009433220226769607,
      0.022659702918675816,
      0.4668924018583328,
      0.041148630938478266,
      0.031181405966680606,
      0.008368318943196496,
      0.018959000378896917,
      7.077263452628618e-06,
      0.013098834889855436
    ],
    "eigenvalues": [
      3.093400521978776e-06,
      7.077263452628618e-06,
      0.0010317162947544715,
      0.002550021213118903,
      0.003825367552134734,
      0.008368318943196496,
      0.009433220226769607,
      0.013098834889855436,
      0.018959000378896917,
      0.020950088443451982,
      0.022659702918675816,
      0.029060195967187147,
      0.031181405966680606,
      0.041148630938478266,
      0.3308309237444923,
      0.4668924018583328
    ],
    "noiseless_eigenvalues": [
      3.093400521978776e-06,
      7.077263452628618e-06,
      0.0010317162947544715,
      0.002550021213118903,
      0.003825367552134734,
      0.008368318943196496,
      0.009433220226769607,
      0.013098834889855436,
      0.018959000378896917,
      0.020950088443451982,
      0.022659702918675816,
      0.029060195967187147,
      0.031181405966680606,
      0.041148630938478266,
      0.3308309237444923,
      0.4668924018583328
    ],
    "hamiltonian_eigenvalues": [
      -1.7317726099628072,
      -1.6628743324079311,
      -1.2459909756219394,
      -1.1905172352235303,
      -1.1764267246442746,
      -1.1266704733387645,
      -1.1109814179137256,
      -1.0910085988739753,
      -1.01705750162219,
      -0.9514003494758025,
      -0.9274434485575724,
      -0.7708837552576455,
      -0.6897731799141598,
      -0.5087975885292888,
      0.4876207484838484,
      0.6531440158111681
    ],
    "noiseless_hamiltonian_eigenvalues": [
      -1.7317726099628072,
      -1.6628743324079311,
      -1.2459909756219394,
      -1.1905172352235303,
      -1.1764267246442746,
      -1.1266704733387645,
      -1.1109814179137256,
      -1.0910085988739753,
      -1.01705750162219,
      -0.9514003494758025,
      -0.9274434485575724,
      -0.7708837552576455,
      -0.6897731799141598,
      -0.5087975885292888,
      0.4876207484838484,
      0.6531440158111681
    ]
  },
  "exact_result": {
    "hamiltonian_matrix": [
      [
        [
          -2.0,
          0.0
        ],
        [
          0.0,
          0.0
        ],
        [
          0.0,
          0.0
        ],
        [
          -1.0,
          0.0
        ],
        [
          0.0,
          0.0
        ],
        [
          0.0,
          0.0
        ],
        [
          -1.0,
          0.0
        ],
        [
          0.0,
          0.0
        ],
        [
          0.0,
          0.0
        ],
        [
          -1.0,
          0.0
        ],
        [
          0.0,
          0.0
        ],
        [
          0.0,
          0.0
        ],
        [
          -1.0,
          0.0
        ],
        [
          0.0,
          0.0
        ],
        [
          0.0,
          0.0
        ],
        [
          0.0,
          0.0
        ]
      ],
      [
        [
          0.0,
          0.0
        ],
        [
          -1.0,
          0.0
        ],
        [
          -1.0,
          0.0
        ],
        [
          0.0,
          0.0
        ],
        [
          0.0,
          0.0
        ],
        [
          0.0,
          0.0
        ],
        [
          0.0,
          0.0
        ],
        [
          -1.0,
          0.0
        ],
        [
          -1.0,
          0.0
        ],
        [
          0.0,
          0.0
        ],
        [
          0.0,
          0.0
        ],
        [
          0.0,
          0.0
        ],
        [
          0.0,
          0.0
        ],
        [
          -1.0,
          0.0
        ],
        [
          0.0,
          0.0
        ],
        [
          0.0,
          0.0
        ]
      ],
      [
        [
          0.0,
          0.0
        ],
        [
          -1.0,
          0.0
        ],
        [
          -1.0,
          0.0
        ],
        [
          0.0,
          0.0
        ],
        [
          -1.0,
          0.0
        ],
        [
          0.0,
          0.0
        ],
        [
          0.0,
          0.0
        ],
        [
          0.0,
          0.0
        ],
        [
          0.0,
          0.0
        ],
        [
          0.0,
          0.0
        ],
        [
          0.0,
          0.0
        ],
        [
          -1.0,
          0.0
        ],
        [
          0.0,
          0.0
        ],
        [
          0.0,
          0.0
        ],
        [
          -1.0,
          0.0
        ],
        [
          0.0,
          0.0
        ]
      ],
      [
        [
          -1.0,
          0.0
        ],
        [
          0.0,
          0.0
        ],
        [
          0.0,
          0.0
        ],
        [
          0.0,
          0.0
        ],
        [
          0.0,
          0.0
        ],
        [
          -1.0,
          0.0
        ],
        [
          0.0,
          0.0
        ],
        [
          0.0,
          0.0
        ],
        [
          0.0,
          0.0
        ],
        [
          0.0,
          0.0
        ],
        [
          -1.0,
          0.0
        ],
        [
          0.0,
          0.0
        ],
        [
          0.0,
          0.0
        ],
        [
          0.0,
          0.0
        ],
        [
          0.0,
          0.0
        ],
        [
          -1.0,
          0.0
        ]
      ],
      [
        [
          0.0,
          0.0
        ],
        [
          0.0,
          0.0
        ],
        [
          -1.0,
          0.0
        ],
        [
          0.0,
          0.0
        ],
        [
          -1.0,
          0.0
        ],
        [
          0.0,
          0.0
        ],
        [
          0.0,
          0.0
        ],
        [
          -1.0,
          0.0
        ],
        [
          -1.0,
          0.0
        ],
        [
          0.0,
          0.0
        ],
        [
          0.0,
          0.0
        ],
        [
          0.0,
          0.0
        ],
        [
          0.0,
          0.0
        ],
        [
          -1.0,
          0.0
        ],
        [
          0.0,
          0.0
        ],
        [
          0.0,
          0.0
        ]
      ],
      [
        [
          0.0,
          0.0
        ],
        [
          0.0,
          0.0
        ],
        [
          0.0,
          0.0
        ],
        [
          -1.0,
          0.0
        ],
        [
          0.0,
          0.0
        ],
        [
          0.0,
          0.0
        ],
        [
          -1.0,
          0.0
        ],
        [
          0.0,
          0.0
        ],
        [
          0.0,
          0.0
        ],
        [
          -1.0,
          0.0
        ],
        [
          0.0,
          0.0
        ],
        [
          0.0,
          0.0
        ],
        [
          -1.0,
          0.0
        ],
        [
          0.0,
          0.0
        ],
        [
          0.0,
          0.0
        ],
        [
          0.0,
          0.0
        ]
      ],
      [
        [
          -1.0,
          0.0
        ],
        [
          0.0,
          0.0
        ],
        [
          0.0,
          0.0
        ],
        [
          0.0,
          0.0
        ],
        [
          0.0,
          0.0
        ],
        [
          -1.0,
          0.0
        ],
        [
          0.0,
          0.0
        ],
        [
          0.0,
          0.0
        ],
        [
          0.0,
          0.0
        ],
        [
          0.0,
          0.0
        ],
        [
          -1.0,
          0.0
        ],
        [
          0.0,
          0.0
        ],
        [
          0.0,
          0.0
        ],
        [
          0.0,
          0.0
        ],
        [
          0.0,
          0.0
        ],
        [
          -1.0,
          0.0
        ]
      ],
      [
        [
          0.0,
          0.0
        ],
        [
          -1.0,
          0.0
        ],
        [
          0.0,
          0.0
        ],
        [
          0.0,
          0.0
        ],
        [
          -1.0,
          0.0
        ],
        [
          0.0,
          0.0
        ],
        [
          0.0,
          0.0
        ],
        [
          1.0,
          0.0
        ],
        [
          0.0,
          0.0
        ],
        [
          0.0,
          0.0
        ],
        [
          0.0,
          0.0
        ],
        [
          -1.0,
          0.0
        ],
        [
          0.0,
          0.0
        ],
        [
          0.0,
          0.0
        ],
        [
          -1.0,
          0.0
        ],
        [
          0.0,
          0.0
        ]
      ],
      [
        [
          0.0,
          0.0
        ],
        [
          -1.0,
          0.0
        ],
        [
          0.0,
          0.0
        ],
        [
          0.0,
          0.0
        ],
        [
          -1.0,
          0.0
        ],
        [
          0.0,
          0.0
        ],
        [
          0.0,
          0.0
        ],
        [
          0.0,
          0.0
        ],
        [
          -1.0,
          0.0
        ],
        [
          0.0,
          0.0
        ],
        [
          0.0,
          0.0
        ],
        [
          -1.0,
          0.0
        ],
        [
          0.0,
          0.0
        ],
        [
          0.0,
          0.0
        ],
        [
          -1.0,
          0.0
        ],
        [
          0.0,
          0.0
        ]
      ],
      [
        [
          -1.0,
          0.0
        ],
        [
          0.0,
          0.0
        ],
        [
          0.0,
          0.0
        ],
        [
          0.0,
          0.0
        ],
        [
          0.0,
          0.0
        ],
        [
          -1.0,
          0.0
        ],
        [
          0.0,
          0.0
        ],
        [
          0.0,
          0.0
        ],
        [
          0.0,
          0.0
        ],
        [
          0.0,
          0.0
        ],
        [
          -1.0,
          0.0
        ],
        [
          0.0,
          0.0
        ],
        [
          0.0,
          0.0
        ],
        [
          0.0,
          0.0
        ],
        [
          0.0,
          0.0
        ],
        [
          -1.0,
          0.0
        ]
      ],
      [
        [
          0.0,
          0.0
        ],
        [
          0.0,
          0.0
        ],
        [
          0.0,
          0.0
        ],
        [
          -1.0,
          0.0
        ],
        [
          0.0,
          0.0
        ],
        [
          0.0,
          0.0
        ],
        [
          -1.0,
          0.0
        ],
        [
          0.0,
          0.0
        ],
        [
          0.0,
          0.0
        ],
        [
          -1.0,
          0.0
        ],
        [
          0.0,
          0.0
        ],
        [
          0.0,
          0.0
        ],
        [
          -1.0,
          0.0
        ],
        [
          0.0,
          0.0
        ],
        [
          0.0,
          0.0
        ],
        [
          0.0,
          0.0
        ]
      ],
      [
        [
          0.0,
          0.0
        ],
        [
          0.0,
          0.0
        ],
        [
          -1.0,
          0.0
        ],
        [
          0.0,
          0.0
        ],
        [
          0.0,
          0.0
        ],
        [
          0.0,
          0.0
        ],
        [
          0.0,
          0.0
        ],
        [
          -1.0,
          0.0
        ],
        [
          -1.0,
          0.0
        ],
        [
          0.0,
          0.0
        ],
        [
          0.0,
          0.0
        ],
        [
          1.0,
          0.0
        ],
        [
          0.0,
          0.0
        ],
        [
          -1.0,
          0.0
        ],
        [
          0.0,
          0.0
        ],
        [
          0.0,
          0.0
        ]
      ],
      [
        [
          -1.0,
          0.0
        ],
        [
          0.0,
          0.0
        ],
        [
          0.0,
          0.0
        ],
        [
          0.0,
          0.0
        ],
        [
          0.0,
          0.0
        ],
        [
          -1.0,
          0.0
        ],
        [
          0.0,
          0.0
        ],
        [
          0.0,
          0.0
        ],
        [
          0.0,
          0.0
        ],
        [
          0.0,
          0.0
        ],
        [
          -1.0,
          0.0
        ],
        [
          0.0,
          0.0
        ],
        [
          0.0,
          0.0
        ],
        [
          0.0,
          0.0
        ],
        [
          0.0,
          0.0
        ],
        [
          -1.0,
          0.0
        ]
      ],
      [
        [
          0.0,
          0.0
        ],
        [
          -1.0,
          0.0
        ],
        [
          0.0,
          0.0
        ],
        [
          0.0,
          0.0
        ],
        [
          -1.0,
          0.0
        ],
        [
          0.0,
          0.0
        ],
        [
          0.0,
          0.0
        ],
        [
          0.0,
          0.0
        ],
        [
          0.0,
          0.0
        ],
        [
          0.0,
          0.0
        ],
        [
          0.0,
          0.0
        ],
        [
          -1.0,
          0.0
        ],
        [
          0.0,
          0.0
        ],
        [
          1.0,
          0.0
        ],
        [
          -1.0,
          0.0
        ],
        [
          0.0,
          0.0
        ]
      ],
      [
        [
          0.0,
          0.0
        ],
        [
          0.0,
          0.0
        ],
        [
          -1.0,
          0.0
        ],
        [
          0.0,
          0.0
        ],
        [
          0.0,
          0.0
        ],
        [
          0.0,
          0.0
        ],
        [
          0.0,
          0.0
        ],
        [
          -1.0,
          0.0
        ],
        [
          -1.0,
          0.0
        ],
        [
          0.0,
          0.0
        ],
        [
          0.0,
          0.0
        ],
        [
          0.0,
          0.0
        ],
        [
          0.0,
          0.0
        ],
        [
          -1.0,
          0.0
        ],
        [
          1.0,
          0.0
        ],
        [
          0.0,
          0.0
        ]
      ],
      [
        [
          0.0,
          0.0
        ],
        [
          0.0,
          0.0
        ],
        [
          0.0,
          0.0
        ],
        [
          -1.0,
          0.0
        ],
        [
          0.0,
          0.0
        ],
        [
          0.0,
          0.0
        ],
        [
          -1.0,
          0.0
        ],
        [
          0.0,
          0.0
        ],
        [
          0.0,
          0.0
        ],
        [
          -1.0,
          0.0
        ],
        [
          0.0,
          0.0
        ],
        [
          0.0,
          0.0
        ],
        [
          -1.0,
          0.0
        ],
        [
          0.0,
          0.0
        ],
        [
          0.0,
          0.0
        ],
        [
          2.0,
          0.0
        ]
      ]
    ],
    "gibbs_state": [
      [
        0.18221885800216697,
        0.0,
        0.0,
        0.1034800995710898,
        0.0,
        0.0969014500322394,
        0.1034800995710898,
        0.0,
        0.0,
        0.10348009957108986,
        0.09690145003223939,
        0.0,
        0.10348009957108985,
        0.0,
        0.0,
        0.06599959591444547
      ],
      [
        0.0,
        0.08244648998661845,
        0.08244646823426309,
        0.0,
        0.08244644716164704,
        0.0,
        0.0,
        0.050954719817519124,
        0.08244646823426309,
        0.0,
        0.0,
        0.0509547196074681,
        0.0,
        0.050954719817519124,
        0.050954719607468106,
        0.0
      ],
      [
        0.0,
        0.08244646823426305,
        0.08244648998661848,
        0.0,
        0.08244646823426309,
        0.0,
        0.0,
        0.050954719607468106,
        0.08244644716164704,
        0.0,
        0.0,
        0.05095471981751911,
        0.0,
        0.05095471960746811,
        0.05095471981751911,
        0.0
      ],
      [
        0.10348009957108985,
        0.0,
        0.0,
        0.05876528892614219,
        0.0,
        0.05502937455497014,
        0.05876528863758979,
        0.0,
        0.0,
        0.05876528863758983,
        0.05502937455497014,
        0.0,
        0.05876528863758983,
        0.0,
        0.0,
        0.03748050365664435
      ],
      [
        0.0,
        0.08244644716164702,
        0.08244646823426309,
        0.0,
        0.08244648998661849,
        0.0,
        0.0,
        0.050954719817519124,
        0.08244646823426309,
        0.0,
        0.0,
        0.0509547196074681,
        0.0,
        0.050954719817519124,
        0.050954719607468106,
        0.0
      ],
      [
        0.09690145003223939,
        0.0,
        0.0,
        0.05502937455497013,
        0.0,
        0.05153098164928653,
        0.055029374554970124,
        0.0,
        0.0,
        0.05502937455497013,
        0.05153098136073413,
        0.0,
        0.05502937455497013,
        0.0,
        0.0,
        0.03509774179665155
      ],
      [
        0.10348009957108988,
        0.0,
        0.0,
        0.05876528863758982,
        0.0,
        0.05502937455497014,
        0.058765288926142197,
        0.0,
        0.0,
        0.05876528863758983,
        0.05502937455497014,
        0.0,
        0.05876528863758983,
        0.0,
        0.0,
        0.03748050365664435
      ],
      [
        0.0,
        0.050954719817519104,
        0.050954719607468106,
        0.0,
        0.050954719817519124,
        0.0,
        0.0,
        0.031491748757585744,
        0.050954719607468106,
        0.0,
        0.0,
        0.031491748626794956,
        0.0,
        0.031491748755641494,
        0.031491748626794956,
        0.0
      ],
      [
        0.0,
        0.08244646823426303,
        0.08244644716164698,
        0.0,
        0.08244646823426305,
        0.0,
        0.0,
        0.0509547196074681,
        0.08244648998661844,
        0.0,
        0.0,
        0.050954719817519104,
        0.0,
        0.050954719607468106,
        0.050954719817519104,
        0.0
      ],
      [
        0.10348009957108988,
        0.0,
        0.0,
        0.05876528863758982,
        0.0,
        0.05502937455497014,
        0.05876528863758981,
        0.0,
        0.0,
        0.05876528892614222,
        0.05502937455497014,
        0.0,
        0.05876528863758983,
        0.0,
        0.0,
        0.03748050365664435
      ],
      [
        0.09690145003223939,
        0.0,
        0.0,
        0.055029374554970124,
        0.0,
        0.05153098136073412,
        0.05502937455497011,
        0.0,
        0.0,
        0.05502937455497013,
        0.05153098164928651,
        0.0,
        0.05502937455497014,
        0.0,
        0.0,
        0.03509774179665154
      ],
      [
        0.0,
        0.0509547196074681,
        0.05095471981751911,
        0.0,
        0.0509547196074681,
        0.0,
        0.0,
        0.03149174862679495,
        0.05095471981751911,
        0.0,
        0.0,
        0.03149174875758573,
        0.0,
        0.03149174862679494,
        0.03149174875564149,
        0.0
      ],
      [
        0.10348009957108989,
        0.0,
        0.0,
        0.05876528863758982,
        0.0,
        0.055029374554970145,
        0.05876528863758981,
        0.0,
        0.0,
        0.058765288637589834,
        0.05502937455497014,
        0.0,
        0.058765288926142224,
        0.0,
        0.0,
        0.037480503656644355
      ],
      [
        0.0,
        0.050954719817519104,
        0.05095471960746811,
        0.0,
        0.05095471981751913,
        0.0,
        0.0,
        0.031491748755641494,
        0.05095471960746811,
        0.0,
        0.0,
        0.03149174862679495,
        0.0,
        0.031491748757585744,
        0.03149174862679495,
        0.0
      ],
      [
        0.0,
        0.050954719607468085,
        0.05095471981751911,
        0.0,
        0.0509547196074681,
        0.0,
        0.0,
        0.03149174862679494,
        0.05095471981751911,
        0.0,
        0.0,
        0.03149174875564148,
        0.0,
        0.03149174862679495,
        0.03149174875758573,
        0.0
      ],
      [
        0.0659995959144455,
        0.0,
        0.0,
        0.037480503656644355,
        0.0,
        0.03509774179665157,
        0.03748050365664435,
        0.0,
        0.0,
        0.03748050365664437,
        0.03509774179665157,
        0.0,
        0.03748050365664437,
        0.0,
        0.0,
        0.023905068017874325
      ]
    ],
    "energy": -4.255382615554882,
    "entropy": 0.6892313815967303,
    "cost": -4.3932288918742275,
    "eigenvalues": [
      3.526505721947835e-18,
      2.967558397000511e-17,
      3.841660649184313e-13,
      1.9442460019043544e-12,
      1.9442531340009805e-12,
      8.863584839569563e-11,
      2.8855236250842957e-10,
      2.885523851654856e-10,
      2.8855240080119297e-10,
      2.885524181882366e-10,
      9.393766955848768e-10,
      4.2824971445703385e-08,
      4.282497148258962e-08,
      2.1673075999837564e-07,
      0.45575286829497286,
      0.5442468271378293
    ],
    "hamiltonian_eigenvalues": [
      -4.271558410139714,
      -4.23606797749979,
      -1.3243068937239126,
      -1.0000000000000004,
      -1.0,
      -0.23606797749978978,
      -5.004354428574223e-16,
      -8.53653240412687e-17,
