{
  "n": 4,
  "J": 1.0,
  "h": 0.5,
  "beta": 0.2,
  "calculated_result": {
    "n": 4,
    "J": 1.0,
    "h": 0.5,
    "beta": 0.2,
    "params": [
      0.8129228290496293,
      5.303170692300893,
      3.0359972381738674,
      4.544112595987119,
      2.6854543725648496,
      4.283371860877539,
      1.2940120279427914,
      4.074627553913857,
      3.6817028623425325,
      5.968116581779547,
      5.434856508032424,
      3.6456570149635747,
      3.0469020726898046,
      6.341164210921701,
      4.641537613794103,
      -0.049169970925857426,
      5.720718590375687,
      2.4427043643350204,
      0.2580753785750688,
      6.201783737580827,
      5.298697918367401,
      3.194492293316822,
      0.7513903632654517,
      4.556849362006718,
      4.548266576178533,
      0.13099536825820893,
      2.1424735521509164,
      5.941352325770735,
      1.7067840113686747,
      5.805046200624554,
      4.245082090198779,
      4.353096240949667,
      5.323641765718436,
      6.794663922462712,
      5.1489929399436685,
      3.1398423378183824,
      5.37334231470696,
      4.534744770962837,
      2.004816070101045,
      3.7303307816760367,
      5.266524610699837,
      2.7849464439574483,
      2.4288794664334517,
      5.609253948248576
    ],
    "cost": -13.756752724083666,
    "energy": 0.0546875,
    "entropy": 2.7622880448167333,
    "rho": [
      [
        0.0517578125,
        0.00146484375,
        -0.00439453125,
        0.005126953125,
        -0.00634765625,
        0.003173828125,
        0.00244140625,
        0.0018310546875,
        0.00146484375,
        -0.00048828125,
        0.0,
        -0.0028076171875,
        0.0,
        -0.002685546875,
        -0.001220703125,
        -0.001220703125
      ],
      [
        0.00146484375,
        0.0537109375,
        -0.001708984375,
        -0.00390625,
        -0.001708984375,
        -0.005859375,
        -0.0042724609375,
        0.00537109375,
        0.0029296875,
        -0.01025390625,
        0.0008544921875,
        -0.00048828125,
        0.002197265625,
        0.0,
        -0.001708984375,
        0.00146484375
      ],
      [
        -0.00439453125,
        -0.001708984375,
        0.068359375,
        0.001953125,
        -0.00146484375,
        -0.0013427734375,
        -0.00048828125,
        -0.00634765625,
        0.0009765625,
        0.0037841796875,
        -0.00146484375,
        0.00341796875,
        0.000732421875,
        -0.00439453125,
        -0.00244140625,
        -0.00439453125
      ],
      [
        0.005126953125,
        -0.00390625,
        0.001953125,
        0.0615234375,
        -0.0006103515625,
        -0.00634765625,
        0.0029296875,
        0.001953125,
        0.0025634765625,
        -0.00732421875,
        -0.001953125,
        -0.00244140625,
        -0.00439453125,
        0.0009765625,
        0.0029296875,
        -0.00048828125
      ],
      [
        -0.00634765625,
        -0.001708984375,
        -0.00146484375,
        -0.0006103515625,
        0.0654296875,
        0.00048828125,
        0.00048828125,
        0.00634765625,
        0.00390625,
        0.004638671875,
        -0.000732421875,
        -0.0029296875,
        0.00048828125,
        0.00390625,
        -0.00048828125,
        -0.0032958984375
      ],
      [
        0.003173828125,
        -0.005859375,
        -0.0013427734375,
        -0.00634765625,
        0.00048828125,
        0.0615234375,
        0.00390625,
        0.00146484375,
        0.005126953125,
        -0.01123046875,
        -0.001953125,
        -0.0009765625,
        -0.00390625,
        0.001953125,
        0.0028076171875,
        0.0
      ],
      [
        0.00244140625,
        -0.0042724609375,
        -0.00048828125,
        0.0029296875,
        0.00048828125,
        0.00390625,
        0.0615234375,
        -0.0009765625,
        0.001220703125,
        0.000732421875,
        -0.00341796875,
        0.0048828125,
        -0.00439453125,
        0.0047607421875,
        0.00146484375,
        -0.00146484375
      ],
      [
        0.0018310546875,
        0.00537109375,
        -0.00634765625,
        0.001953125,
        0.00634765625,
        0.00146484375,
        -0.0009765625,
        0.0732421875,
        0.004150390625,
        0.00048828125,
        0.0048828125,
        -0.0146484375,
        0.0030517578125,
        0.0009765625,
        -0.00830078125,
        0.0078125
      ],
      [
        0.00146484375,
        0.0029296875,
        0.0009765625,
        0.0025634765625,
        0.00390625,
        0.005126953125,
        0.001220703125,
        0.004150390625,
        0.05859375,
        -0.0068359375,
        -0.00439453125,
        0.0029296875,
        -0.00537109375,
        0.001708984375,
        0.0029296875,
        0.0006103515625
      ],
      [
        -0.00048828125,
        -0.01025390625,
        0.0037841796875,
        -0.00732421875,
        0.004638671875,
        -0.01123046875,
        0.000732421875,
        0.00048828125,
        -0.0068359375,
        0.07421875,
        -0.015625,
        0.00390625,
        -0.015380859375,
        0.00537109375,
        -0.0010986328125,
        0.00048828125
      ],
      [
        0.0,
        0.0008544921875,
        -0.00146484375,
        -0.001953125,
        -0.000732421875,
        -0.001953125,
        -0.00341796875,
        0.0048828125,
        -0.00439453125,
        -0.015625,
        0.0712890625,
        0.00341796875,
        0.00390625,
        -0.0001220703125,
        -0.00048828125,
        -0.001953125
      ],
      [
        -0.0028076171875,
        -0.00048828125,
        0.00341796875,
        -0.00244140625,
        -0.0029296875,
        -0.0009765625,
        0.0048828125,
        -0.0146484375,
        0.0029296875,
        0.00390625,
        0.00341796875,
        0.068359375,
        -0.0018310546875,
        -0.00439453125,
        -0.0009765625,
        0.00732421875
      ],
      [
        0.0,
        0.002197265625,
        0.000732421875,
        -0.00439453125,
        0.00048828125,
        -0.00390625,
        -0.00439453125,
        0.0030517578125,
        -0.00537109375,
        -0.015380859375,
        0.00390625,
        -0.0018310546875,
        0.068359375,
        0.00341796875,
        0.00341796875,
        0.001220703125
      ],
      [
        -0.002685546875,
        0.0,
        -0.00439453125,
        0.0009765625,
        0.00390625,
        0.001953125,
        0.0047607421875,
        0.0009765625,
        0.001708984375,
        0.00537109375,
        -0.0001220703125,
        -0.00439453125,
        0.00341796875,
        0.0576171875,
        -0.001220703125,
        0.00634765625
      ],
      [
        -0.001220703125,
        -0.001708984375,
        -0.00244140625,
        0.0029296875,
        -0.00048828125,
        0.0028076171875,
        0.00146484375,
        -0.00830078125,
        0.0029296875,
        -0.0010986328125,
        -0.00048828125,
        -0.0009765625,
        0.00341796875,
        -0.001220703125,
        0.05859375,
        0.0068359375
      ],
      [
        -0.001220703125,
        0.00146484375,
        -0.00439453125,
        -0.00048828125,
        -0.0032958984375,
        0.0,
        -0.00146484375,
        0.0078125,
        0.0006103515625,
        0.00048828125,
        -0.001953125,
        0.00732421875,
        0.001220703125,
        0.00634765625,
        0.0068359375,
        0.0458984375
      ]
    ],
    "noiseless_rho": [
      [
        0.05728404345002116,
        1.8885991194512326e-17,
        -3.2417460538084016e-18,
        -0.000600912783838679,
        5.70491149941214e-18,
        -0.00012212715588591857,
        0.0014833281413058536,
        3.1077039122914582e-18,
        1.3173141160921628e-17,
        -0.00013290744810851495,
        0.002420138084038248,
        7.904579598321283e-18,
        0.002478004293636024,
        -7.749481269159373e-18,
        2.2703650675601212e-17,
        -0.0013676971913102094
      ],
      [
        1.8885991194512326e-17,
        0.06414058851127968,
        0.003275298297772658,
        2.3818025075342505e-18,
        0.0011776839288472766,
        -1.53612321527355e-17,
        -5.20846089152102e-18,
        0.0033758090885007397,
        -0.00168242982026706,
        -1.2360635985153325e-17,
        4.754194287693611e-19,
        0.0017690661828333814,
        -1.1281545688476473e-17,
        0.0031070915844011804,
        0.0033460511835853466,
        8.56451741644312e-19
      ],
      [
        -3.2417460538084016e-18,
        0.003275298297772658,
        0.05772491603794146,
        -1.6260546604966324e-18,
        0.0018734197834756588,
        -5.258746594036299e-20,
        -9.998232978341664e-18,
        -0.0013034835477875946,
        -0.00032883176721162227,
        2.265770046518612e-18,
        2.3196844944316935e-18,
        0.004354201651730947,
        2.6454074744850342e-17,
        -0.0032531662653010893,
        0.00739519422540178,
        5.049813313350281e-18
      ],
      [
        -0.000600912783838679,
        2.3818025075342505e-18,
        -1.6260546604966324e-18,
        0.06332630558846507,
        1.383580122092807e-17,
        0.007364690953250274,
        -0.00043498527100483894,
        -4.323755801232095e-18,
        -5.982533426456095e-18,
        -0.0066099601202471514,
        -0.0007872061546877265,
        -8.40118425425204e-18,
        -0.003958003049221537,
        3.994391359963644e-18,
        1.0854140447675738e-18,
        0.0013103070086066628
      ],
      [
        5.70491149941214e-18,
        0.0011776839288472766,
        0.0018734197834756588,
        1.383580122092807e-17,
        0.06413953299080175,
        -1.1851284928785438e-17,
        -3.50439260725079e-18,
        -0.0031984877478485963,
        -0.0007723581970773422,
        -1.1233875872669027e-17,
        -7.570588317003216e-18,
        -0.0021660642507933085,
        1.9261210132487138e-17,
        0.004942146396280303,
        -0.008108274917866256,
        -2.320987962544472e-17
      ],
      [
        -0.00012212715588591857,
        -1.53612321527355e-17,
        -5.258746594036299e-20,
        0.007364690953250274,
        -1.1851284928785438e-17,
        0.065557520849359,
        -0.003172613870877375,
        3.0486299902818204e-18,
        1.3817332078987355e-18,
        -0.007372114048112207,
        -0.0010810578680536575,
        1.0014526989243217e-17,
        -0.0035299549257036735,
        -8.956068383309238e-18,
        2.3054383665839154e-18,
        -0.000595351645482977
      ],
      [
        0.0014833281413058536,
        -5.20846089152102e-18,
        -9.998232978341664e-18,
        -0.00043498527100483894,
        -3.50439260725079e-18,
        -0.003172613870877375,
        0.05943756347095465,
        -4.004231474753454e-18,
        -9.889691493131488e-18,
        0.0018227920704148078,
        0.0019171077452245743,
        -4.8468259624856726e-18,
        0.0007275708886617105,
        -2.8141744489292075e-18,
        -2.2775469080024477e-17,
        -0.0013025265266900397
      ],
      [
        3.1077039122914582e-18,
        0.0033758090885007397,
        -0.0013034835477875946,
        -4.323755801232095e-18,
        -0.0031984877478485963,
        3.0486299902818204e-18,
        -4.004231474753454e-18,
        0.059068428400507626,
        -0.0027693203784067864,
        -7.949845928722562e-18,
        2.9362162823609325e-19,
        0.0043681923731364505,
        -1.3533574727868868e-17,
        0.004284361352776152,
        0.0003736702480567969,
        2.9400669770152265e-18
      ],
      [
        1.3173141160921628e-17,
        -0.00168242982026706,
        -0.00032883176721162227,
        -5.982533426456095e-18,
        -0.0007723581970773422,
        1.3817332078987355e-18,
        -9.889691493131488e-18,
        -0.0027693203784067864,
        0.06443919332860626,
        4.2716446265295786e-18,
        1.4839081344114665e-17,
        0.00044848865294372375,
        1.1330382307325698e-17,
        -0.0008134346103083041,
        0.005835102843350136,
        1.3869042196213956e-17
      ],
      [
        -0.00013290744810851495,
        -1.2360635985153325e-17,
        2.265770046518612e-18,
        -0.0066099601202471514,
        -1.1233875872669027e-17,
        -0.007372114048112207,
        0.0018227920704148078,
        -7.949845928722562e-18,
        4.2716446265295786e-18,
        0.06413794867960113,
        0.0004956864041512779,
        -4.7142142159058765e-18,
        0.001530732535880562,
        9.394291285940163e-18,
        -2.2895190037177452e-17,
        0.00030166935699308924
      ],
      [
        0.002420138084038248,
        4.754194287693611e-19,
        2.3196844944316935e-18,
        -0.0007872061546877265,
        -7.570588317003216e-18,
        -0.0010810578680536575,
        0.0019171077452245743,
        2.9362162823609325e-19,
        1.4839081344114665e-17,
        0.0004956864041512779,
        0.05988954602646937,
        6.7771291173819916e-18,
        -0.0002043337208995806,
        -1.085928154142502e-17,
        1.651825802103526e-17,
        -0.00029287631987663914
      ],
      [
        7.904579598321283e-18,
        0.0017690661828333814,
        0.004354201651730947,
        -8.40118425425204e-18,
        -0.0021660642507933085,
        1.0014526989243217e-17,
        -4.8468259624856726e-18,
        0.0043681923731364505,
        0.00044848865294372375,
        -4.7142142159058765e-18,
        6.7771291173819916e-18,
        0.05973404180618435,
        2.3281445044656064e-17,
        -2.0422626436070093e-05,
        0.008649612369055778,
        -9.09609609060109e-18
      ],
      [
        0.002478004293636024,
        -1.1281545688476473e-17,
        2.6454074744850342e-17,
        -0.003958003049221537,
        1.9261210132487138e-17,
        -0.0035299549257036735,
        0.0007275708886617105,
        -1.3533574727868868e-17,
        1.1330382307325698e-17,
        0.001530732535880562,
        -0.0002043337208995806,
        2.3281445044656064e-17,
        0.06281422173293633,
        -4.391313391744256e-18,
        8.472701331562655e-18,
        -0.0009171314584302745
      ],
      [
        -7.749481269159373e-18,
        0.0031070915844011804,
        -0.0032531662653010893,
        3.994391359963644e-18,
        0.004942146396280303,
        -8.956068383309238e-18,
        -2.8141744489292075e-18,
        0.004284361352776152,
        -0.0008134346103083041,
        9.394291285940163e-18,
        -1.085928154142502e-17,
        -2.0422626436070093e-05,
        -4.391313391744256e-18,
        0.06467879654178985,
        -0.007105734237744609,
        -3.241314660645903e-18
      ],
      [
        2.2703650675601212e-17,
        0.0033460511835853466,
        0.00739519422540178,
        1.0854140447675738e-18,
        -0.008108274917866256,
        2.3054383665839154e-18,
        -2.2775469080024477e-17,
        0.0003736702480567969,
        0.005835102843350136,
        -2.2895190037177452e-17,
        1.651825802103526e-17,
        0.008649612369055778,
        8.472701331562655e-18,
        -0.007105734237744609,
        0.07519349786150732,
        1.7254430427090321e-18
      ],
      [
        -0.0013676971913102094,
        8.56451741644312e-19,
        5.049813313350281e-18,
        0.0013103070086066628,
        -2.320987962544472e-17,
        -0.000595351645482977,
        -0.0013025265266900397,
        2.9400669770152265e-18,
        1.3869042196213956e-17,
        0.00030166935699308924,
        -0.00029287631987663914,
        -9.09609609060109e-18,
        -0.0009171314584302745,
        -3.241314660645903e-18,
        1.7254430427090321e-18,
        0.058433854723574916
      ]
    ],
    "sigma": [
      0.08076533564814815,
      0.06101707175925926,
      0.06954089506172839,
      0.052565586419753084,
      0.0466820987654321,
      0.05944974922839506,
      0.055748456790123455,
      0.051589023919753084,
      0.07462866512345678,
      0.06365740740740741,
      0.0554711612654321,
      0.05529031635802469,
      0.060884452160493825,
      0.09565489969135803,
      0.05514564043209876,
      0.061909239969135804
    ],
    "noiseless_sigma": [
      0.08334858069037526,
      0.0738641535617086,
      0.04498949095950089,
      0.05939218466143284,
      0.06714634719219431,
      0.05483858893023893,
      0.05481342194013976,
      0.05514642370291103,
      0.0625180025674012,
      0.06415611636121142,
      0.059454552702620456,
      0.09830146489399424,
      0.05227088324732322,
      0.056043819794270186,
      0.05110929280663781,
      0.06260667598803973
    ],
    "eigenvalues": [
      0.0466820987654321,
      0.051589023919753084,
      0.052565586419753084,
      0.05514564043209876,
      0.05529031635802469,
      0.0554711612654321,
      0.055748456790123455,
      0.05944974922839506,
      0.060884452160493825,
      0.06101707175925926,
      0.061909239969135804,
      0.06365740740740741,
      0.06954089506172839,
      0.07462866512345678,
      0.08076533564814815,
      0.09565489969135803
    ],
    "noiseless_eigenvalues": [
      0.04498949095950089,
      0.05110929280663781,
      0.05227088324732322,
      0.05481342194013976,
      0.05483858893023893,
      0.05514642370291103,
      0.056043819794270186,
      0.05939218466143284,
      0.059454552702620456,
      0.0625180025674012,
      0.06260667598803973,
      0.06415611636121142,
      0.06714634719219431,
      0.0738641535617086,
      0.08334858069037526,
      0.09830146489399424
    ],
    "hamiltonian_eigenvalues": [
      -2.021710928095585,
      -1.1757156252655445,
      -0.7805997511174159,
      -0.4275513175481329,
      0.014445193774255571,
      0.1536764654624978,
      0.2262552212054043,
      0.23713446592876686,
      0.35636664615516267,
      0.677775025514725,
      0.7027073264984498,
      0.7190347601865437,
      0.7321352043621623,
      0.971715395560393,
      1.0654789951917092,
      1.5652198352934548
    ],
    "noiseless_hamiltonian_eigenvalues": [
      -2.1581709757767964,
      -1.3331342328829052,
      -0.7291145464090629,
      -0.25234894795357476,
      -0.024573485155309882,
      0.09766408284595052,
      0.10475088910247976,
      0.35596266798532383,
      0.36121043904712025,
      0.6513542654731879,
      0.7320641864862658,
      0.7600530523450786,
      0.7623482214296509,
      0.9998262189820082,
      1.11219199086805,
      1.749879029508815
    ]
  },
  "exact_result": {
    "hamiltonian_matrix": [
      [
        [
          -2.0,
          0.0
        ],
        [
          0.0,
          0.0
        ],
        [
          0.0,
          0.0
        ],
        [
          -1.0,
          0.0
        ],
        [
          0.0,
          0.0
        ],
        [
          0.0,
          0.0
        ],
        [
          -1.0,
          0.0
        ],
        [
          0.0,
          0.0
        ],
        [
          0.0,
          0.0
        ],
        [
          -1.0,
          0.0
        ],
        [
          0.0,
          0.0
        ],
        [
          0.0,
          0.0
        ],
        [
          -1.0,
          0.0
        ],
        [
          0.0,
          0.0
        ],
        [
          0.0,
          0.0
        ],
        [
          0.0,
          0.0
        ]
      ],
      [
        [
          0.0,
          0.0
        ],
        [
          -1.0,
          0.0
        ],
        [
          -1.0,
          0.0
        ],
        [
          0.0,
          0.0
        ],
        [
          0.0,
          0.0
        ],
        [
          0.0,
          0.0
        ],
        [
          0.0,
          0.0
        ],
        [
          -1.0,
          0.0
        ],
        [
          -1.0,
          0.0
        ],
        [
          0.0,
          0.0
        ],
        [
          0.0,
          0.0
        ],
        [
          0.0,
          0.0
        ],
        [
          0.0,
          0.0
        ],
        [
          -1.0,
          0.0
        ],
        [
          0.0,
          0.0
        ],
        [
          0.0,
          0.0
        ]
      ],
      [
        [
          0.0,
          0.0
        ],
        [
          -1.0,
          0.0
        ],
        [
          -1.0,
          0.0
        ],
        [
          0.0,
          0.0
        ],
        [
          -1.0,
          0.0
        ],
        [
          0.0,
          0.0
        ],
        [
          0.0,
          0.0
        ],
        [
          0.0,
          0.0
        ],
        [
          0.0,
          0.0
        ],
        [
          0.0,
          0.0
        ],
        [
          0.0,
          0.0
        ],
        [
          -1.0,
          0.0
        ],
        [
          0.0,
          0.0
        ],
        [
          0.0,
          0.0
        ],
        [
          -1.0,
          0.0
        ],
        [
          0.0,
          0.0
        ]
      ],
      [
        [
          -1.0,
          0.0
        ],
        [
          0.0,
          0.0
        ],
        [
          0.0,
          0.0
        ],
        [
          0.0,
          0.0
        ],
        [
          0.0,
          0.0
        ],
        [
          -1.0,
          0.0
        ],
        [
          0.0,
          0.0
        ],
        [
          0.0,
          0.0
        ],
        [
          0.0,
          0.0
        ],
        [
          0.0,
          0.0
        ],
        [
          -1.0,
          0.0
        ],
        [
          0.0,
          0.0
        ],
        [
          0.0,
          0.0
        ],
        [
          0.0,
          0.0
        ],
        [
          0.0,
          0.0
        ],
        [
          -1.0,
          0.0
        ]
      ],
      [
        [
          0.0,
          0.0
        ],
        [
          0.0,
          0.0
        ],
        [
          -1.0,
          0.0
        ],
        [
          0.0,
          0.0
        ],
        [
          -1.0,
          0.0
        ],
        [
          0.0,
          0.0
        ],
        [
          0.0,
          0.0
        ],
        [
          -1.0,
          0.0
        ],
        [
          -1.0,
          0.0
        ],
        [
          0.0,
          0.0
        ],
        [
          0.0,
          0.0
        ],
        [
          0.0,
          0.0
        ],
        [
          0.0,
          0.0
        ],
        [
          -1.0,
          0.0
        ],
        [
          0.0,
          0.0
        ],
        [
          0.0,
          0.0
        ]
      ],
      [
        [
          0.0,
          0.0
        ],
        [
          0.0,
          0.0
        ],
        [
          0.0,
          0.0
        ],
        [
          -1.0,
          0.0
        ],
        [
          0.0,
          0.0
        ],
        [
          0.0,
          0.0
        ],
        [
          -1.0,
          0.0
        ],
        [
          0.0,
          0.0
        ],
        [
          0.0,
          0.0
        ],
        [
          -1.0,
          0.0
        ],
        [
          0.0,
          0.0
        ],
        [
          0.0,
          0.0
        ],
        [
          -1.0,
          0.0
        ],
        [
          0.0,
          0.0
        ],
        [
          0.0,
          0.0
        ],
        [
          0.0,
          0.0
        ]
      ],
      [
        [
          -1.0,
          0.0
        ],
        [
          0.0,
          0.0
        ],
        [
          0.0,
          0.0
        ],
        [
          0.0,
          0.0
        ],
        [
          0.0,
          0.0
        ],
        [
          -1.0,
          0.0
        ],
        [
          0.0,
          0.0
        ],
        [
          0.0,
          0.0
        ],
        [
          0.0,
          0.0
        ],
        [
          0.0,
          0.0
        ],
        [
          -1.0,
          0.0
        ],
        [
          0.0,
          0.0
        ],
        [
          0.0,
          0.0
        ],
        [
          0.0,
          0.0
        ],
        [
          0.0,
          0.0
        ],
        [
          -1.0,
          0.0
        ]
      ],
      [
        [
          0.0,
          0.0
        ],
        [
          -1.0,
          0.0
        ],
        [
          0.0,
          0.0
        ],
        [
          0.0,
          0.0
        ],
        [
          -1.0,
          0.0
        ],
        [
          0.0,
          0.0
        ],
        [
          0.0,
          0.0
        ],
        [
          1.0,
          0.0
        ],
        [
          0.0,
          0.0
        ],
        [
          0.0,
          0.0
        ],
        [
          0.0,
          0.0
        ],
        [
          -1.0,
          0.0
        ],
        [
          0.0,
          0.0
        ],
        [
          0.0,
          0.0
        ],
        [
          -1.0,
          0.0
        ],
        [
          0.0,
          0.0
        ]
      ],
      [
        [
          0.0,
          0.0
        ],
        [
          -1.0,
          0.0
        ],
        [
          0.0,
          0.0
        ],
        [
          0.0,
          0.0
        ],
        [
          -1.0,
          0.0
        ],
        [
          0.0,
          0.0
        ],
        [
          0.0,
          0.0
        ],
        [
          0.0,
          0.0
        ],
        [
          -1.0,
          0.0
        ],
        [
          0.0,
          0.0
        ],
        [
          0.0,
          0.0
        ],
        [
          -1.0,
          0.0
        ],
        [
          0.0,
          0.0
        ],
        [
          0.0,
          0.0
        ],
        [
          -1.0,
          0.0
        ],
        [
          0.0,
          0.0
        ]
      ],
      [
        [
          -1.0,
          0.0
        ],
        [
          0.0,
          0.0
        ],
        [
          0.0,
          0.0
        ],
        [
          0.0,
          0.0
        ],
        [
          0.0,
          0.0
        ],
        [
          -1.0,
          0.0
        ],
        [
          0.0,
          0.0
        ],
        [
          0.0,
          0.0
        ],
        [
          0.0,
          0.0
        ],
        [
          0.0,
          0.0
        ],
        [
          -1.0,
          0.0
        ],
        [
          0.0,
          0.0
        ],
        [
          0.0,
          0.0
        ],
        [
          0.0,
          0.0
        ],
        [
          0.0,
          0.0
        ],
        [
          -1.0,
          0.0
        ]
      ],
      [
        [
          0.0,
          0.0
        ],
        [
          0.0,
          0.0
        ],
        [
          0.0,
          0.0
        ],
        [
          -1.0,
          0.0
        ],
        [
          0.0,
          0.0
        ],
        [
          0.0,
          0.0
        ],
        [
          -1.0,
          0.0
        ],
        [
          0.0,
          0.0
        ],
        [
          0.0,
          0.0
        ],
        [
          -1.0,
          0.0
        ],
        [
          0.0,
          0.0
        ],
        [
          0.0,
          0.0
        ],
        [
          -1.0,
          0.0
        ],
        [
          0.0,
          0.0
        ],
        [
          0.0,
          0.0
        ],
        [
          0.0,
          0.0
        ]
      ],
      [
        [
          0.0,
          0.0
        ],
        [
          0.0,
          0.0
        ],
        [
          -1.0,
          0.0
        ],
        [
          0.0,
          0.0
        ],
        [
          0.0,
          0.0
        ],
        [
          0.0,
          0.0
        ],
        [
          0.0,
          0.0
        ],
        [
          -1.0,
          0.0
        ],
        [
          -1.0,
          0.0
        ],
        [
          0.0,
          0.0
        ],
        [
          0.0,
          0.0
        ],
        [
          1.0,
          0.0
        ],
        [
          0.0,
          0.0
        ],
        [
          -1.0,
          0.0
        ],
        [
          0.0,
          0.0
        ],
        [
          0.0,
          0.0
        ]
      ],
      [
        [
          -1.0,
          0.0
        ],
        [
          0.0,
          0.0
        ],
        [
          0.0,
          0.0
        ],
        [
          0.0,
          0.0
        ],
        [
          0.0,
          0.0
        ],
        [
          -1.0,
          0.0
        ],
        [
          0.0,
          0.0
        ],
        [
          0.0,
          0.0
        ],
        [
          0.0,
          0.0
        ],
        [
          0.0,
          0.0
        ],
        [
          -1.0,
          0.0
        ],
        [
          0.0,
          0.0
        ],
        [
          0.0,
          0.0
        ],
        [
          0.0,
          0.0
        ],
        [
          0.0,
          0.0
        ],
        [
          -1.0,
          0.0
        ]
      ],
      [
        [
          0.0,
          0.0
        ],
        [
          -1.0,
          0.0
        ],
        [
          0.0,
          0.0
        ],
        [
          0.0,
          0.0
        ],
        [
          -1.0,
          0.0
        ],
        [
          0.0,
          0.0
        ],
        [
          0.0,
          0.0
        ],
        [
          0.0,
          0.0
        ],
        [
          0.0,
          0.0
        ],
        [
          0.0,
          0.0
        ],
        [
          0.0,
          0.0
        ],
        [
          -1.0,
          0.0
        ],
        [
          0.0,
          0.0
        ],
        [
          1.0,
          0.0
        ],
        [
          -1.0,
          0.0
        ],
        [
          0.0,
          0.0
        ]
      ],
      [
        [
          0.0,
          0.0
        ],
        [
          0.0,
          0.0
        ],
        [
          -1.0,
          0.0
        ],
        [
          0.0,
          0.0
        ],
        [
          0.0,
          0.0
        ],
        [
          0.0,
          0.0
        ],
        [
          0.0,
          0.0
        ],
        [
          -1.0,
          0.0
        ],
        [
          -1.0,
          0.0
        ],
        [
          0.0,
          0.0
        ],
        [
          0.0,
          0.0
        ],
        [
          0.0,
          0.0
        ],
        [
          0.0,
          0.0
        ],
        [
          -1.0,
          0.0
        ],
        [
          1.0,
          0.0
        ],
        [
          0.0,
          0.0
        ]
      ],
      [
        [
          0.0,
          0.0
        ],
        [
          0.0,
          0.0
        ],
        [
          0.0,
          0.0
        ],
        [
          -1.0,
          0.0
        ],
        [
          0.0,
          0.0
        ],
        [
          0.0,
          0.0
        ],
        [
          -1.0,
          0.0
        ],
        [
          0.0,
          0.0
        ],
        [
          0.0,
          0.0
        ],
        [
          -1.0,
          0.0
        ],
        [
          0.0,
          0.0
        ],
        [
          0.0,
          0.0
        ],
        [
          -1.0,
          0.0
        ],
        [
          0.0,
          0.0
        ],
        [
          0.0,
          0.0
        ],
        [
          2.0,
          0.0
        ]
      ]
    ],
    "gibbs_state": [
      [
        0.09055156714343324,
        0.0,
        0.0,
        0.015285252269285902,
        0.0,
        0.005458792707225995,
        0.015285252269285902,
        0.0,
        0.0,
        0.015285252269285902,
        0.005458792707225995,
        0.0,
        0.0152852522692859,
        0.0,
        0.0,
        0.00483127426561255
      ],
      [
        0.0,
        0.07450169581515126,
        0.015190190084418137,
        0.0,
        0.005457412346404184,
        0.0,
        0.0,
        0.012633822619167236,
        0.015190190084418133,
        0.0,
        0.0,
        0.004800207793469178,
        0.0,
        0.012633822619167236,
        0.004800207793469178,
        0.0
      ],
      [
        0.0,
        0.015190190084418137,
        0.07450169581515126,
        0.0,
        0.015190190084418137,
        0.0,
        0.0,
        0.004800207793469179,
        0.005457412346404185,
        0.0,
        0.0,
        0.012633822619167236,
        0.0,
        0.004800207793469179,
        0.012633822619167236,
        0.0
      ],
      [
        0.015285252269285909,
        0.0,
        0.0,
        0.061328989221304205,
        0.0,
        0.0125558559156729,
        0.004800311021207253,
        0.0,
        0.0,
        0.004800311021207253,
        0.0125558559156729,
        0.0,
        0.004800311021207253,
        0.0,
        0.0,
        0.01045397800367335
      ],
      [
        0.0,
        0.005457412346404184,
        0.01519019008441814,
        0.0,
        0.07450169581515126,
        0.0,
        0.0,
        0.012633822619167238,
        0.01519019008441814,
        0.0,
        0.0,
        0.004800207793469179,
        0.0,
        0.012633822619167238,
        0.004800207793469179,
        0.0
      ],
      [
        0.005458792707225997,
        0.0,
        0.0,
        0.012555855915672905,
        0.0,
        0.06129802597689891,
        0.012555855915672905,
        0.0,
        0.0,
        0.012555855915672905,
        0.004769347776801955,
        0.0,
        0.012555855915672905,
        0.0,
        0.0,
        0.004203755823999104
      ],
      [
        0.015285252269285905,
        0.0,
        0.0,
        0.004800311021207253,
        0.0,
        0.012555855915672903,
        0.061328989221304205,
        0.0,
        0.0,
        0.004800311021207252,
        0.012555855915672903,
        0.0,
        0.004800311021207252,
        0.0,
        0.0,
        0.01045397800367335
      ],
      [
        0.0,
        0.012633822619167234,
        0.004800207793469178,
        0.0,
        0.012633822619167238,
        0.0,
        0.0,
        0.050486615098244626,
        0.004800207793469179,
        0.0,
        0.0,
        0.010389982290948958,
        0.0,
        0.004204847824976354,
        0.01038998229094896,
        0.0
      ],
      [
        0.0,
        0.015190190084418137,
        0.005457412346404183,
        0.0,
        0.01519019008441814,
        0.0,
        0.0,
        0.004800207793469179,
        0.07450169581515126,
        0.0,
        0.0,
        0.012633822619167236,
        0.0,
        0.004800207793469178,
        0.012633822619167236,
        0.0
      ],
      [
        0.015285252269285905,
        0.0,
        0.0,
        0.004800311021207254,
        0.0,
        0.012555855915672902,
        0.004800311021207253,
        0.0,
        0.0,
        0.061328989221304205,
        0.012555855915672902,
        0.0,
        0.004800311021207253,
        0.0,
        0.0,
        0.01045397800367335
      ],
      [
        0.005458792707225998,
        0.0,
        0.0,
        0.012555855915672905,
        0.0,
        0.004769347776801957,
        0.012555855915672905,
        0.0,
        0.0,
        0.012555855915672905,
        0.06129802597689891,
        0.0,
        0.012555855915672905,
        0.0,
        0.0,
        0.004203755823999104
      ],
      [
        0.0,
        0.004800207793469179,
        0.012633822619167233,
        0.0,
        0.00480020779346918,
        0.0,
        0.0,
        0.01038998229094896,
        0.012633822619167236,
        0.0,
        0.0,
        0.050486615098244626,
        0.0,
        0.01038998229094896,
        0.004204847824976353,
        0.0
      ],
      [
        0.015285252269285902,
        0.0,
        0.0,
        0.004800311021207253,
        0.0,
        0.012555855915672902,
        0.004800311021207253,
        0.0,
        0.0,
        0.004800311021207253,
        0.012555855915672902,
        0.0,
        0.061328989221304205,
        0.0,
        0.0,
        0.01045397800367335
      ],
      [
        0.0,
        0.012633822619167234,
        0.00480020779346918,
        0.0,
        0.012633822619167238,
        0.0,
        0.0,
        0.004204847824976355,
        0.00480020779346918,
        0.0,
        0.0,
        0.010389982290948962,
        0.0,
        0.050486615098244626,
        0.01038998229094896,
        0.0
      ],
      [
        0.0,
        0.00480020779346918,
        0.012633822619167234,
        0.0,
        0.004800207793469181,
        0.0,
        0.0,
        0.010389982290948964,
        0.012633822619167238,
        0.0,
        0.0,
        0.004204847824976354,
        0.0,
        0.010389982290948962,
        0.050486615098244626,
        0.0
      ],
      [
        0.004831274265612551,
        0.0,
        0.0,
        0.010453978003673352,
        0.0,
        0.004203755823999103,
        0.010453978003673349,
        0.0,
        0.0,
        0.010453978003673349,
        0.004203755823999103,
        0.0,
        0.010453978003673349,
        0.0,
        0.0,
        0.041583180363968505
      ]
    ],
    "energy": -1.007587174170609,
    "entropy": 2.671489756007369,
    "cost": -14.365035954207453,
    "eigenvalues": [
      0.024057249992494097,
      0.02422861790721011,
      0.043375150560474786,
      0.04628176727326824,
      0.04628176727326828,
      0.05392178079330158,
      0.056528678200096945,
      0.056528678200096945,
      0.056528678200096966,
      0.056528678200096966,
      0.05926160842683213,
      0.06904428346874708,
      0.0690442834687471,
      0.0736710171090906,
      0.13188913504220903,
      0.13282862588396924
    ],
    "hamiltonian_eigenvalues": [
      -4.271558410139714,
      -4.23606797749979,
      -1.3243068937239126,
      -1.0000000000000004,
      -1.0,
      -0.23606797749978978,
      -5.004354428574223e-16,
      -8.53653240412687e-17,
      4.944816257507461e-17,
      2.0024993085310826e-16,
      0.23606797749978953,
      0.9999999999999996,
      1.0000000000000004,
      1.324306893723913,
      4.23606797749979,
      4.271558410139717
    ]
  },
  "metrics": {
    "exact_purity": 0.07653248008408804,
    "calculated_fidelity": 0.9221175570545019,
    "calculated_trace_distance": 0.0816733570358113,
    "calculated_relative_entropy": 0.16820477386961347,
    "calculated_purity": 0.06804418563842773,
    "noiseless_fidelity": 0.9487764918922947,
    "noiseless_trace_distance": 0.05299978325539177,
    "noiseless_relative_entropy": 0.10545284858129843,
    "noiseless_purity": 0.06413973429639179
  }
}
