{
  "n": 4,
  "J": 1.0,
  "h": 0.5,
  "beta": 0.5,
  "calculated_result": {
    "n": 4,
    "J": 1.0,
    "h": 0.5,
    "beta": 0.5,
    "params": [
      0.8960003711883036,
      5.336737454667289,
      2.9450147448154427,
      4.563808837968836,
      2.650202823834916,
      4.285375174932101,
      1.120067786728607,
      3.9441009867283254,
      3.504065376040892,
      5.863709060911965,
      5.4008056842031404,
      3.662088359288657,
      3.0814995313732556,
      6.177376252907854,
      4.590635151763417,
      -0.06469364601361534,
      5.624994680863951,
      2.406976840484102,
      0.20883968143196488,
      5.909186614806217,
      6.753907959939311,
      3.2985172351486254,
      0.7170204024979705,
      5.842903096892469,
      5.606273812104078,
      -0.05143042950141136,
      2.644407017684488,
      6.93693071624832,
      1.9128858309032037,
      5.926577550805358,
      4.2402446521380055,
      4.2364616097124745,
      5.220946439107079,
      6.843512004879813,
      5.075900269840701,
      3.094723748231605,
      5.451948682478092,
      4.3629536239839775,
      1.9426988144219373,
      4.658973536136617,
      5.081862503282325,
      2.9792580658565107,
      2.3210092741991386,
      5.280801361136075
    ],
    "cost": -5.909559207556647,
    "energy": -0.5029296875,
    "entropy": 2.7033147600283236,
    "rho": [
      [
        0.0673828125,
        -0.00390625,
        -0.00537109375,
        0.01416015625,
        -0.0009765625,
        0.00390625,
        0.0107421875,
        0.0064697265625,
        0.00927734375,
        -0.00537109375,
        0.0,
        0.0091552734375,
        0.0009765625,
        0.00048828125,
        -0.001708984375,
        -0.0023193359375
      ],
      [
        -0.00390625,
        0.0830078125,
        0.00439453125,
        0.0048828125,
        -0.0029296875,
        0.005859375,
        -0.0081787109375,
        -0.00244140625,
        0.00341796875,
        0.0078125,
        -0.0040283203125,
        0.00390625,
        0.00048828125,
        -0.00146484375,
        -0.0211181640625,
        -0.009521484375
      ],
      [
        -0.00537109375,
        0.00439453125,
        0.087890625,
        0.00244140625,
        0.01123046875,
        -0.0086669921875,
        0.005859375,
        0.006103515625,
        -0.00439453125,
        0.0015869140625,
        0.0107421875,
        0.00439453125,
        0.005126953125,
        0.0030517578125,
        0.005859375,
        -0.00537109375
      ],
      [
        0.01416015625,
        0.0048828125,
        0.00244140625,
        0.05859375,
        -0.0081787109375,
        0.0263671875,
        0.003173828125,
        -0.00439453125,
        0.0001220703125,
        0.00732421875,
        0.01904296875,
        -0.00927734375,
        -0.0006103515625,
        0.008544921875,
        0.009765625,
        0.00244140625
      ],
      [
        -0.0009765625,
        -0.0029296875,
        0.01123046875,
        -0.0081787109375,
        0.0673828125,
        0.0,
        -0.0087890625,
        0.007568359375,
        0.0126953125,
        0.0009765625,
        0.004638671875,
        -0.0062255859375,
        -0.00244140625,
        -0.005859375,
        0.00341796875,
        -0.0030517578125
      ],
      [
        0.00390625,
        0.005859375,
        -0.0086669921875,
        0.0263671875,
        0.0,
        0.0546875,
        0.019287109375,
        -0.00048828125,
        0.0009765625,
        0.00634765625,
        0.0008544921875,
        0.008056640625,
        0.0078125,
        -0.0029296875,
        -0.0006103515625,
        0.00634765625
      ],
      [
        0.0107421875,
        -0.0081787109375,
        0.005859375,
        0.003173828125,
        -0.0087890625,
        0.019287109375,
        0.0703125,
        -0.00048828125,
        -0.000244140625,
        0.0040283203125,
        0.001953125,
        0.005859375,
        -0.005859375,
        -0.0013427734375,
        0.001953125,
        0.0
      ],
      [
        0.0064697265625,
        -0.00244140625,
        0.006103515625,
        -0.00439453125,
        0.007568359375,
        -0.00048828125,
        -0.00048828125,
        0.078125,
        0.0018310546875,
        0.008544921875,
        0.00537109375,
        -0.01318359375,
        -0.0028076171875,
        -0.0009765625,
        -0.0048828125,
        -0.00146484375
      ],
      [
        0.00927734375,
        0.00341796875,
        -0.00439453125,
        0.0001220703125,
        0.0126953125,
        0.0009765625,
        -0.000244140625,
        0.0018310546875,
        0.060546875,
        -0.005859375,
        -0.00390625,
        0.005859375,
        -0.009765625,
        -0.00048828125,
        0.00732421875,
        -0.0003662109375
      ],
      [
        -0.00537109375,
        0.0078125,
        0.0015869140625,
        0.00732421875,
        0.0009765625,
        0.00634765625,
        0.0040283203125,
        0.008544921875,
        -0.005859375,
        0.0458984375,
        0.01953125,
        -0.00830078125,
        -0.00048828125,
        -0.0048828125,
        -0.0052490234375,
        0.00390625
      ],
      [
        0.0,
        -0.0040283203125,
        0.0107421875,
        0.01904296875,
        0.004638671875,
        0.0008544921875,
        0.001953125,
        0.00537109375,
        -0.00390625,
        0.01953125,
        0.060546875,
        -0.00537109375,
        0.0087890625,
        -0.0028076171875,
        -0.0048828125,
        0.003173828125
      ],
      [
        0.0091552734375,
        0.00390625,
        0.00439453125,
        -0.00927734375,
        -0.0062255859375,
        0.008056640625,
        0.005859375,
        -0.01318359375,
        0.005859375,
        -0.00830078125,
        -0.00537109375,
        0.0771484375,
        -0.0023193359375,
        -0.00048828125,
        -0.009521484375,
        0.00341796875
      ],
      [
        0.0009765625,
        0.00048828125,
        0.005126953125,
        -0.0006103515625,
        -0.00244140625,
        0.0078125,
        -0.005859375,
        -0.0028076171875,
        -0.009765625,
        -0.00048828125,
        0.0087890625,
        -0.0023193359375,
        0.04296875,
        -0.0009765625,
        0.00439453125,
        0.005615234375
      ],
      [
        0.00048828125,
        -0.00146484375,
        0.0030517578125,
        0.008544921875,
        -0.005859375,
        -0.0029296875,
        -0.0013427734375,
        -0.0009765625,
        -0.00048828125,
        -0.0048828125,
        -0.0028076171875,
        -0.00048828125,
        -0.0009765625,
        0.0546875,
        0.012451171875,
        0.0
      ],
      [
        -0.001708984375,
        -0.0211181640625,
        0.005859375,
        0.009765625,
        0.00341796875,
        -0.0006103515625,
        0.001953125,
        -0.0048828125,
        0.00732421875,
        -0.0052490234375,
        -0.0048828125,
        -0.009521484375,
        0.00439453125,
        0.012451171875,
        0.05859375,
        -0.00439453125
      ],
      [
        -0.0023193359375,
        -0.009521484375,
        -0.00537109375,
        0.00244140625,
        -0.0030517578125,
        0.00634765625,
        0.0,
        -0.00146484375,
        -0.0003662109375,
        0.00390625,
        0.003173828125,
        0.00341796875,
        0.005615234375,
        0.0,
        -0.00439453125,
        0.0322265625
      ]
    ],
    "noiseless_rho": [
      [
        0.0671763050304519,
        2.139789393742256e-17,
        1.0137409411750174e-17,
        0.0013798121536903421,
        -1.3179143923015659e-18,
        -0.0019282354102460846,
        0.012846372221561523,
        1.885424049306999e-18,
        1.1453441288999523e-17,
        -0.006048045748349956,
        0.0035671607793110387,
        -1.8963136506754185e-18,
        0.010521373936415324,
        -2.6696345808861562e-18,
        -5.157503765274322e-18,
        -0.004408315239427885
      ],
      [
        2.139789393742256e-17,
        0.08219052705410948,
        0.00247415470253895,
        -1.2051290700558105e-17,
        -0.005646229880812346,
        1.2655238448038744e-18,
        -1.750212863144058e-17,
        0.0070577178075168345,
        0.0015970689761432713,
        -2.661124730774543e-17,
        -1.0310907726255307e-17,
        -0.0011198336236240211,
        1.8111735106799498e-17,
        0.008973893031257271,
        -0.0014148979493917903,
        1.3002536251563836e-18
      ],
      [
        1.0137409411750174e-17,
        0.00247415470253895,
        0.06837609265462175,
        -1.4729806207631038e-17,
        0.013678873713501316,
        1.2169752252547391e-17,
        2.995402352586931e-17,
        0.0036339396398963435,
        0.0077000375416455555,
        -9.420162360200296e-18,
        2.536660362518237e-19,
        -0.0071535051902457784,
        1.0961643754092159e-18,
        -0.006266122630271941,
        0.004592580843953862,
        -1.7259276468221735e-18
      ],
      [
        0.0013798121536903421,
        -1.2051290700558105e-17,
        -1.4729806207631038e-17,
        0.0451899652074451,
        1.0963300140599376e-17,
        0.017101364174114002,
        0.0016852334238559303,
        3.656752835591693e-18,
        -6.8827394579583186e-18,
        0.010274273045162808,
        0.006160471490615747,
        1.681512912931387e-18,
        0.007960317352213036,
        1.425154302586603e-18,
        -1.7786994912533954e-17,
        0.007230904512620813
      ],
      [
        -1.3179143923015659e-18,
        -0.005646229880812346,
        0.013678873713501316,
        1.0963300140599376e-17,
        0.07695049973789246,
        1.6433603725341753e-17,
        3.54224733052498e-17,
        0.005624986467831321,
        0.010994811853992818,
        -1.4839483412420305e-17,
        3.3357225570069236e-18,
        0.0035908873636418164,
        3.007155379444518e-17,
        0.004428008843329192,
        0.005517817658892848,
        -8.23683097931344e-18
      ],
      [
        -0.0019282354102460846,
        1.2655238448038744e-18,
        1.2169752252547391e-17,
        0.017101364174114002,
        1.6433603725341753e-17,
        0.06838114155049395,
        -0.007217139041747785,
        -2.4425369220507095e-18,
        -4.836433572564214e-18,
        0.020125365930715625,
        0.0002397670035652406,
        2.04175030225558e-18,
        0.009892686842974353,
        1.495247028744029e-18,
        -7.730203099551692e-18,
        0.0038029614556920307
      ],
      [
        0.012846372221561523,
        -1.750212863144058e-17,
        2.995402352586931e-17,
        0.0016852334238559303,
        3.54224733052498e-17,
        -0.007217139041747785,
        0.06509912199545202,
        3.163836765772877e-18,
        5.109314341163694e-18,
        0.0014319250211023643,
        0.01810474696384299,
        -4.436468834372924e-18,
        -0.00425910687727626,
        5.300787276529318e-18,
        -1.1003755795610943e-19,
        -1.8077091291509965e-05
      ],
      [
        1.885424049306999e-18,
        0.0070577178075168345,
        0.0036339396398963435,
        3.656752835591693e-18,
        0.005624986467831321,
        -2.4425369220507095e-18,
        3.163836765772877e-18,
        0.05863902376062616,
        -0.009775672422947416,
        -1.2933621149620776e-17,
        -2.0489745736463058e-17,
        0.010347871393679329,
        -1.801032775017471e-17,
        -0.004860315041204256,
        -0.0029031813913421634,
        -1.6316170534000963e-18
      ],
      [
        1.1453441288999523e-17,
        0.0015970689761432713,
        0.0077000375416455555,
        -6.8827394579583186e-18,
        0.010994811853992818,
        -4.836433572564214e-18,
        5.109314341163694e-18,
        -0.009775672422947416,
        0.07442529877757004,
        1.3875179856213237e-17,
        2.6960314084826827e-19,
        -0.0011369406138535387,
        3.0662512489851445e-17,
        0.0014646574348872359,
        -0.00248126337725512,
        -4.4753102932761354e-18
      ],
      [
        -0.006048045748349956,
        -2.661124730774543e-17,
        -9.420162360200296e-18,
        0.010274273045162808,
        -1.4839483412420305e-17,
        0.020125365930715625,
        0.0014319250211023643,
        -1.2933621149620776e-17,
        1.3875179856213237e-17,
        0.05507015931520057,
        -0.0010762957604807462,
        1.6601765778547724e-17,
        -0.006037989340115011,
        1.4610909667758837e-17,
        -4.197805711086526e-18,
        0.004319638223129042
      ],
      [
        0.0035671607793110387,
        -1.0310907726255307e-17,
        2.536660362518237e-19,
        0.006160471490615747,
        3.3357225570069236e-18,
        0.0002397670035652406,
        0.01810474696384299,
        -2.0489745736463058e-17,
        2.6960314084826827e-19,
        -0.0010762957604807462,
        0.053226578275848875,
        -2.9229361707925596e-17,
        0.016465518916781698,
        6.468591254963094e-18,
        -1.72773776738798e-18,
        0.005678748204946048
      ],
      [
        -1.8963136506754185e-18,
        -0.0011198336236240211,
        -0.0071535051902457784,
        1.681512912931387e-18,
        0.0035908873636418164,
        2.04175030225558e-18,
        -4.436468834372924e-18,
        0.010347871393679329,
        -0.0011369406138535387,
        1.6601765778547724e-17,
        -2.9229361707925596e-17,
        0.051293124730109205,
        -8.283722032006991e-18,
        0.010636262832145275,
        0.002517009524531967,
        -8.982098990833339e-18
      ],
      [
        0.010521373936415324,
        1.8111735106799498e-17,
        1.0961643754092159e-18,
        0.007960317352213036,
        3.007155379444518e-17,
        0.009892686842974353,
        -0.00425910687727626,
        -1.801032775017471e-17,
        3.0662512489851445e-17,
        -0.006037989340115011,
        0.016465518916781698,
        -8.283722032006991e-18,
        0.06465937664828517,
        -1.250511244085583e-17,
        3.8073016495392e-18,
        0.004696051173150029
      ],
      [
        -2.6696345808861562e-18,
        0.008973893031257271,
        -0.006266122630271941,
        1.425154302586603e-18,
        0.004428008843329192,
        1.495247028744029e-18,
        5.300787276529318e-18,
        -0.004860315041204256,
        0.0014646574348872359,
        1.4610909667758837e-17,
        6.468591254963094e-18,
        0.010636262832145275,
        -1.250511244085583e-17,
        0.06484721247254085,
        -0.0024889412249668817,
        -2.782954191636194e-17
      ],
      [
        -5.157503765274322e-18,
        -0.0014148979493917903,
        0.004592580843953862,
        -1.7786994912533954e-17,
        0.005517817658892848,
        -7.730203099551692e-18,
        -1.1003755795610943e-19,
        -0.0029031813913421634,
        -0.00248126337725512,
        -4.197805711086526e-18,
        -1.72773776738798e-18,
        0.002517009524531967,
        3.8073016495392e-18,
        -0.0024889412249668817,
        0.06610313616462243,
        1.503814359395646e-17
      ],
      [
        -0.004408315239427885,
        1.3002536251563836e-18,
        -1.7259276468221735e-18,
        0.007230904512620813,
        -8.23683097931344e-18,
        0.0038029614556920307,
        -1.8077091291509965e-05,
        -1.6316170534000963e-18,
        -4.4753102932761354e-18,
        0.004319638223129042,
        0.005678748204946048,
        -8.982098990833339e-18,
        0.004696051173150029,
        -2.782954191636194e-17,
        1.503814359395646e-17,
        0.03837243662472824
      ]
    ],
    "sigma": [
      0.04723668981481482,
      0.08377941743827161,
      0.08673321759259259,
      0.03247974537037037,
      0.0451147762345679,
      0.03469810956790124,
      0.02785011574074074,
      0.03050250771604938,
      0.10161072530864197,
      0.09581163194444445,
      0.08763744212962964,
      0.051516685956790126,
      0.09956114969135803,
      0.08640769675925926,
      0.05674913194444445,
      0.032310956790123455
    ],
    "noiseless_sigma": [
      0.043902404381568005,
      0.10069992992482688,
      0.04420153894319099,
      0.09856025359339575,
      0.08202093354873694,
      0.08845648223245511,
      0.027436104814729766,
      0.057100358921569484,
      0.08840196670824875,
      0.09894170049832623,
      0.035365813461493145,
      0.08774311205406428,
      0.0333306630209922,
      0.05324060778204524,
      0.02941646746940984,
      0.031181662644945603
    ],
    "eigenvalues": [
      0.02785011574074074,
      0.03050250771604938,
      0.032310956790123455,
      0.03247974537037037,
      0.03469810956790124,
      0.0451147762345679,
      0.04723668981481482,
      0.051516685956790126,
      0.05674913194444445,
      0.08377941743827161,
      0.08640769675925926,
      0.08673321759259259,
      0.08763744212962964,
      0.09581163194444445,
      0.09956114969135803,
      0.10161072530864197
    ],
    "noiseless_eigenvalues": [
      0.027436104814729766,
      0.02941646746940984,
      0.031181662644945603,
      0.0333306630209922,
      0.035365813461493145,
      0.043902404381568005,
      0.04420153894319099,
      0.05324060778204524,
      0.057100358921569484,
      0.08202093354873694,
      0.08774311205406428,
      0.08840196670824875,
      0.08845648223245511,
      0.09856025359339575,
      0.09894170049832623,
      0.10069992992482688
    ],
    "hamiltonian_eigenvalues": [
      -1.336346836861023,
      -1.295592699904935,
      -1.2188168428932222,
      -1.040465305982134,
      -1.0197225355240018,
      -1.0122021590007018,
      -0.9504233736415184,
      -0.17132936981514835,
      0.02213984169908656,
      0.19560951597816434,
      0.2875316993190662,
      0.81258093809251,
      0.9447179990465182,
      0.9551385659773315,
      1.0703335495440047,
      1.252277105955458
    ],
    "noiseless_hamiltonian_eigenvalues": [
      -1.3183388572797874,
      -1.2831102352305725,
      -1.2753847951260537,
      -1.0590700593723081,
      -1.057837084046346,
      -1.0428753779017619,
      -0.9079976533198622,
      -0.18366945456048533,
      -0.043691468298188596,
      0.3284321380140609,
      0.3420131742213659,
      0.7744600862004063,
      0.8929957809259861,
      1.0262909778233071,
      1.14284207931916,
      1.2822316704767083
    ]
  },
  "exact_result": {
    "hamiltonian_matrix": [
      [
        [
          -2.0,
          0.0
        ],
        [
          0.0,
          0.0
        ],
        [
          0.0,
          0.0
        ],
        [
          -1.0,
          0.0
        ],
        [
          0.0,
          0.0
        ],
        [
          0.0,
          0.0
        ],
        [
          -1.0,
          0.0
        ],
        [
          0.0,
          0.0
        ],
        [
          0.0,
          0.0
        ],
        [
          -1.0,
          0.0
        ],
        [
          0.0,
          0.0
        ],
        [
          0.0,
          0.0
        ],
        [
          -1.0,
          0.0
        ],
        [
          0.0,
          0.0
        ],
        [
          0.0,
          0.0
        ],
        [
          0.0,
          0.0
        ]
      ],
      [
        [
          0.0,
          0.0
        ],
        [
          -1.0,
          0.0
        ],
        [
          -1.0,
          0.0
        ],
        [
          0.0,
          0.0
        ],
        [
          0.0,
          0.0
        ],
        [
          0.0,
          0.0
        ],
        [
          0.0,
          0.0
        ],
        [
          -1.0,
          0.0
        ],
        [
          -1.0,
          0.0
        ],
        [
          0.0,
          0.0
        ],
        [
          0.0,
          0.0
        ],
        [
          0.0,
          0.0
        ],
        [
          0.0,
          0.0
        ],
        [
          -1.0,
          0.0
        ],
        [
          0.0,
          0.0
        ],
        [
          0.0,
          0.0
        ]
      ],
      [
        [
          0.0,
          0.0
        ],
        [
          -1.0,
          0.0
        ],
        [
          -1.0,
          0.0
        ],
        [
          0.0,
          0.0
        ],
        [
          -1.0,
          0.0
        ],
        [
          0.0,
          0.0
        ],
        [
          0.0,
          0.0
        ],
        [
          0.0,
          0.0
        ],
        [
          0.0,
          0.0
        ],
        [
          0.0,
          0.0
        ],
        [
          0.0,
          0.0
        ],
        [
          -1.0,
          0.0
        ],
        [
          0.0,
          0.0
        ],
        [
          0.0,
          0.0
        ],
        [
          -1.0,
          0.0
        ],
        [
          0.0,
          0.0
        ]
      ],
      [
        [
          -1.0,
          0.0
        ],
        [
          0.0,
          0.0
        ],
        [
          0.0,
          0.0
        ],
        [
          0.0,
          0.0
        ],
        [
          0.0,
          0.0
        ],
        [
          -1.0,
          0.0
        ],
        [
          0.0,
          0.0
        ],
        [
          0.0,
          0.0
        ],
        [
          0.0,
          0.0
        ],
        [
          0.0,
          0.0
        ],
        [
          -1.0,
          0.0
        ],
        [
          0.0,
          0.0
        ],
        [
          0.0,
          0.0
        ],
        [
          0.0,
          0.0
        ],
        [
          0.0,
          0.0
        ],
        [
          -1.0,
          0.0
        ]
      ],
      [
        [
          0.0,
          0.0
        ],
        [
          0.0,
          0.0
        ],
        [
          -1.0,
          0.0
        ],
        [
          0.0,
          0.0
        ],
        [
          -1.0,
          0.0
        ],
        [
          0.0,
          0.0
        ],
        [
          0.0,
          0.0
        ],
        [
          -1.0,
          0.0
        ],
        [
          -1.0,
          0.0
        ],
        [
          0.0,
          0.0
        ],
        [
          0.0,
          0.0
        ],
        [
          0.0,
          0.0
        ],
        [
          0.0,
          0.0
        ],
        [
          -1.0,
          0.0
        ],
        [
          0.0,
          0.0
        ],
        [
          0.0,
          0.0
        ]
      ],
      [
        [
          0.0,
          0.0
        ],
        [
          0.0,
          0.0
        ],
        [
          0.0,
          0.0
        ],
        [
          -1.0,
          0.0
        ],
        [
          0.0,
          0.0
        ],
        [
          0.0,
          0.0
        ],
        [
          -1.0,
          0.0
        ],
        [
          0.0,
          0.0
        ],
        [
          0.0,
          0.0
        ],
        [
          -1.0,
          0.0
        ],
        [
          0.0,
          0.0
        ],
        [
          0.0,
          0.0
        ],
        [
          -1.0,
          0.0
        ],
        [
          0.0,
          0.0
        ],
        [
          0.0,
          0.0
        ],
        [
          0.0,
          0.0
        ]
      ],
      [
        [
          -1.0,
          0.0
        ],
        [
          0.0,
          0.0
        ],
        [
          0.0,
          0.0
        ],
        [
          0.0,
          0.0
        ],
        [
          0.0,
          0.0
        ],
        [
          -1.0,
          0.0
        ],
        [
          0.0,
          0.0
        ],
        [
          0.0,
          0.0
        ],
        [
          0.0,
          0.0
        ],
        [
          0.0,
          0.0
        ],
        [
          -1.0,
          0.0
        ],
        [
          0.0,
          0.0
        ],
        [
          0.0,
          0.0
        ],
        [
          0.0,
          0.0
        ],
        [
          0.0,
          0.0
        ],
        [
          -1.0,
          0.0
        ]
      ],
      [
        [
          0.0,
          0.0
        ],
        [
          -1.0,
          0.0
        ],
        [
          0.0,
          0.0
        ],
        [
          0.0,
          0.0
        ],
        [
          -1.0,
          0.0
        ],
        [
          0.0,
          0.0
        ],
        [
          0.0,
          0.0
        ],
        [
          1.0,
          0.0
        ],
        [
          0.0,
          0.0
        ],
        [
          0.0,
          0.0
        ],
        [
          0.0,
          0.0
        ],
        [
          -1.0,
          0.0
        ],
        [
          0.0,
          0.0
        ],
        [
          0.0,
          0.0
        ],
        [
          -1.0,
          0.0
        ],
        [
          0.0,
          0.0
        ]
      ],
      [
        [
          0.0,
          0.0
        ],
        [
          -1.0,
          0.0
        ],
        [
          0.0,
          0.0
        ],
        [
          0.0,
          0.0
        ],
        [
          -1.0,
          0.0
        ],
        [
          0.0,
          0.0
        ],
        [
          0.0,
          0.0
        ],
        [
          0.0,
          0.0
        ],
        [
          -1.0,
          0.0
        ],
        [
          0.0,
          0.0
        ],
        [
          0.0,
          0.0
        ],
        [
          -1.0,
          0.0
        ],
        [
          0.0,
          0.0
        ],
        [
          0.0,
          0.0
        ],
        [
          -1.0,
          0.0
        ],
        [
          0.0,
          0.0
        ]
      ],
      [
        [
          -1.0,
          0.0
        ],
        [
          0.0,
          0.0
        ],
        [
          0.0,
          0.0
        ],
        [
          0.0,
          0.0
        ],
        [
          0.0,
          0.0
        ],
        [
          -1.0,
          0.0
        ],
        [
          0.0,
          0.0
        ],
        [
          0.0,
          0.0
        ],
        [
          0.0,
          0.0
        ],
        [
          0.0,
          0.0
        ],
        [
          -1.0,
          0.0
        ],
        [
          0.0,
          0.0
        ],
        [
          0.0,
          0.0
        ],
        [
          0.0,
          0.0
        ],
        [
          0.0,
          0.0
        ],
        [
          -1.0,
          0.0
        ]
      ],
      [
        [
          0.0,
          0.0
        ],
        [
          0.0,
          0.0
        ],
        [
          0.0,
          0.0
        ],
        [
          -1.0,
          0.0
        ],
        [
          0.0,
          0.0
        ],
        [
          0.0,
          0.0
        ],
        [
          -1.0,
          0.0
        ],
        [
          0.0,
          0.0
        ],
        [
          0.0,
          0.0
        ],
        [
          -1.0,
          0.0
        ],
        [
          0.0,
          0.0
        ],
        [
          0.0,
          0.0
        ],
        [
          -1.0,
          0.0
        ],
        [
          0.0,
          0.0
        ],
        [
          0.0,
          0.0
        ],
        [
          0.0,
          0.0
        ]
      ],
      [
        [
          0.0,
          0.0
        ],
        [
          0.0,
          0.0
        ],
        [
          -1.0,
          0.0
        ],
        [
          0.0,
          0.0
        ],
        [
          0.0,
          0.0
        ],
        [
          0.0,
          0.0
        ],
        [
          0.0,
          0.0
        ],
        [
          -1.0,
          0.0
        ],
        [
          -1.0,
          0.0
        ],
        [
          0.0,
          0.0
        ],
        [
          0.0,
          0.0
        ],
        [
          1.0,
          0.0
        ],
        [
          0.0,
          0.0
        ],
        [
          -1.0,
          0.0
        ],
        [
          0.0,
          0.0
        ],
        [
          0.0,
          0.0
        ]
      ],
      [
        [
          -1.0,
          0.0
        ],
        [
          0.0,
          0.0
        ],
        [
          0.0,
          0.0
        ],
        [
          0.0,
          0.0
        ],
        [
          0.0,
          0.0
        ],
        [
          -1.0,
          0.0
        ],
        [
          0.0,
          0.0
        ],
        [
          0.0,
          0.0
        ],
        [
          0.0,
          0.0
        ],
        [
          0.0,
          0.0
        ],
        [
          -1.0,
          0.0
        ],
        [
          0.0,
          0.0
        ],
        [
          0.0,
          0.0
        ],
        [
          0.0,
          0.0
        ],
        [
          0.0,
          0.0
        ],
        [
          -1.0,
          0.0
        ]
      ],
      [
        [
          0.0,
          0.0
        ],
        [
          -1.0,
          0.0
        ],
        [
          0.0,
          0.0
        ],
        [
          0.0,
          0.0
        ],
        [
          -1.0,
          0.0
        ],
        [
          0.0,
          0.0
        ],
        [
          0.0,
          0.0
        ],
        [
          0.0,
          0.0
        ],
        [
          0.0,
          0.0
        ],
        [
          0.0,
          0.0
        ],
        [
          0.0,
          0.0
        ],
        [
          -1.0,
          0.0
        ],
        [
          0.0,
          0.0
        ],
        [
          1.0,
          0.0
        ],
        [
          -1.0,
          0.0
        ],
        [
          0.0,
          0.0
        ]
      ],
      [
        [
          0.0,
          0.0
        ],
        [
          0.0,
          0.0
        ],
        [
          -1.0,
          0.0
        ],
        [
          0.0,
          0.0
        ],
        [
          0.0,
          0.0
        ],
        [
          0.0,
          0.0
        ],
        [
          0.0,
          0.0
        ],
        [
          -1.0,
          0.0
        ],
        [
          -1.0,
          0.0
        ],
        [
          0.0,
          0.0
        ],
        [
          0.0,
          0.0
        ],
        [
          0.0,
          0.0
        ],
        [
          0.0,
          0.0
        ],
        [
          -1.0,
          0.0
        ],
        [
          1.0,
          0.0
        ],
        [
          0.0,
          0.0
        ]
      ],
      [
        [
          0.0,
          0.0
        ],
        [
          0.0,
          0.0
        ],
        [
          0.0,
          0.0
        ],
        [
          -1.0,
          0.0
        ],
        [
          0.0,
          0.0
        ],
        [
          0.0,
          0.0
        ],
        [
          -1.0,
          0.0
        ],
        [
          0.0,
          0.0
        ],
        [
          0.0,
          0.0
        ],
        [
          -1.0,
          0.0
        ],
        [
          0.0,
          0.0
        ],
        [
          0.0,
          0.0
        ],
        [
          -1.0,
          0.0
        ],
        [
          0.0,
          0.0
        ],
        [
          0.0,
          0.0
        ],
        [
          2.0,
          0.0
        ]
      ]
    ],
    "gibbs_state": [
      [
        0.13363209734700665,
        0.0,
        0.0,
        0.04651002454628371,
        0.0,
        0.031878167873356185,
        0.04651002454628371,
        0.0,
        0.0,
        0.04651002454628371,
        0.031878167873356185,
        0.0,
        0.04651002454628371,
        0.0,
        0.0,
        0.024770599619000112
      ],
      [
        0.0,
        0.08673821696342557,
        0.04512891233958513,
        0.0,
        0.03177349163273735,
        0.0,
        0.0,
        0.03142514278830227,
        0.04512891233958513,
        0.0,
        0.0,
        0.023933205097646463,
        0.0,
        0.031425142788302274,
        0.02393320509764646,
        0.0
      ],
      [
        0.0,
        0.045128912339585124,
        0.08673821696342557,
        0.0,
        0.04512891233958514,
        0.0,
        0.0,
        0.023933205097646463,
        0.03177349163273735,
        0.0,
        0.0,
        0.031425142788302274,
        0.0,
        0.023933205097646456,
        0.031425142788302274,
        0.0
      ],
      [
        0.04651002454628373,
        0.0,
        0.0,
        0.05728808924184744,
        0.0,
        0.030570940609605628,
        0.023950298126101423,
        0.0,
        0.0,
        0.023950298126101423,
        0.030570940609605628,
        0.0,
        0.023950298126101423,
        0.0,
        0.0,
        0.021739424927283597
      ],
      [
        0.0,
        0.03177349163273734,
        0.045128912339585124,
        0.0,
        0.08673821696342557,
        0.0,
        0.0,
        0.031425142788302274,
        0.04512891233958513,
        0.0,
        0.0,
        0.023933205097646466,
        0.0,
        0.03142514278830227,
        0.02393320509764646,
        0.0
      ],
      [
        0.031878167873356185,
        0.0,
        0.0,
        0.030570940609605628,
        0.0,
        0.05646778774894874,
        0.030570940609605628,
        0.0,
        0.0,
        0.030570940609605628,
        0.023129996633202723,
        0.0,
        0.030570940609605628,
        0.0,
        0.0,
        0.01766303136464405
      ],
      [
        0.046510024546283724,
        0.0,
        0.0,
        0.02395029812610142,
        0.0,
        0.030570940609605624,
        0.05728808924184744,
        0.0,
        0.0,
        0.02395029812610142,
        0.030570940609605624,
        0.0,
        0.02395029812610142,
        0.0,
        0.0,
        0.021739424927283594
      ],
      [
        0.0,
        0.03142514278830227,
        0.023933205097646463,
        0.0,
        0.03142514278830227,
        0.0,
        0.0,
        0.037940907729176895,
        0.023933205097646463,
        0.0,
        0.0,
        0.021195707241938682,
        0.0,
        0.017720515290381492,
        0.021195707241938675,
        0.0
      ],
      [
        0.0,
        0.045128912339585124,
        0.03177349163273734,
        0.0,
        0.04512891233958513,
        0.0,
        0.0,
        0.02393320509764646,
        0.08673821696342557,
        0.0,
        0.0,
        0.031425142788302274,
        0.0,
        0.023933205097646452,
        0.031425142788302274,
        0.0
      ],
      [
        0.046510024546283724,
        0.0,
        0.0,
        0.023950298126101426,
        0.0,
        0.030570940609605635,
        0.023950298126101423,
        0.0,
        0.0,
        0.05728808924184744,
        0.030570940609605635,
        0.0,
        0.023950298126101423,
        0.0,
        0.0,
        0.0217394249272836
      ],
      [
        0.031878167873356185,
        0.0,
        0.0,
        0.030570940609605628,
        0.0,
        0.02312999663320272,
        0.03057094060960562,
        0.0,
        0.0,
        0.03057094060960562,
        0.056467787748948735,
        0.0,
        0.03057094060960562,
        0.0,
        0.0,
        0.01766303136464405
      ],
      [
        0.0,
        0.023933205097646456,
        0.03142514278830227,
        0.0,
        0.023933205097646456,
        0.0,
        0.0,
        0.021195707241938682,
        0.03142514278830227,
        0.0,
        0.0,
        0.037940907729176895,
        0.0,
        0.02119570724193868,
        0.017720515290381492,
        0.0
      ],
      [
        0.04651002454628372,
        0.0,
        0.0,
        0.02395029812610142,
        0.0,
        0.030570940609605628,
        0.02395029812610142,
        0.0,
        0.0,
        0.02395029812610142,
        0.030570940609605628,
        0.0,
        0.05728808924184744,
        0.0,
        0.0,
        0.021739424927283594
      ],
      [
        0.0,
        0.03142514278830226,
        0.023933205097646456,
        0.0,
        0.03142514278830226,
        0.0,
        0.0,
        0.017720515290381492,
        0.023933205097646456,
        0.0,
        0.0,
        0.021195707241938682,
        0.0,
        0.037940907729176895,
        0.021195707241938675,
        0.0
      ],
      [
        0.0,
        0.023933205097646452,
        0.03142514278830227,
        0.0,
        0.023933205097646452,
        0.0,
        0.0,
        0.02119570724193868,
        0.03142514278830227,
        0.0,
        0.0,
        0.017720515290381492,
        0.0,
        0.021195707241938675,
        0.037940907729176895,
        0.0
      ],
      [
        0.02477059961900013,
        0.0,
        0.0,
        0.021739424927283604,
        0.0,
        0.017663031364644057,
        0.021739424927283604,
        0.0,
        0.0,
        0.021739424927283604,
        0.017663031364644057,
        0.0,
        0.021739424927283604,
        0.0,
        0.0,
        0.025563471417296275
      ]
    ],
    "energy": -2.4798563756036707,
    "entropy": 2.1611354693294627,
    "cost": -6.802127314262596,
    "eigenvalues": [
      0.003938943014080685,
      0.004009464266837677,
      0.01719361639301383,
      0.02022039243879539,
      0.020220392438795396,
      0.029626156394321326,
      0.033337791115746,
      0.033337791115746016,
      0.03333779111574602,
      0.03333779111574604,
      0.037514428185836037,
      0.0549647253306882,
      0.05496472533068822,
      0.06464075335126708,
      0.2771962143844477,
      0.2821590240082444
    ],
    "hamiltonian_eigenvalues": [
      -4.271558410139714,
      -4.23606797749979,
      -1.3243068937239126,
      -1.0000000000000004,
      -1.0,
      -0.23606797749978978,
      -5.004354428574223e-16,
      -8.53653240412687e-17,
      4.944816257507461e-17,
      2.0024993085310826e-16,
      0.23606797749978953,
      0.9999999999999996,
      1.0000000000000004,
      1.324306893723913,
      4.23606797749979,
      4.271558410139717
    ]
  },
  "metrics": {
    "exact_purity": 0.1745477399454516,
    "calculated_fidelity": 0.7779406369079829,
    "calculated_trace_distance": 0.17803755373017702,
    "calculated_relative_entropy": 0.49565681776450093,
    "calculated_purity": 0.07802605628967285,
    "noiseless_fidelity": 0.796137470136021,
    "noiseless_trace_distance": 0.16254635158722394,
    "noiseless_relative_entropy": 0.4430038913775192,
    "noiseless_purity": 0.07119196249761904
  }
}
