{
  "n": 4,
  "J": 1.0,
  "h": 0.5,
  "beta": 1.0,
  "calculated_result": {
    "n": 4,
    "J": 1.0,
    "h": 0.5,
    "beta": 1.0,
    "params": [
      0.9997992056059565,
      5.540672859164897,
      3.1384018542263163,
      4.7572509292097145,
      2.057925909743315,
      4.166081441038383,
      0.7510604411940549,
      3.4626029122699307,
      3.3785266010815453,
      5.6773552125922055,
      5.62945651892179,
      3.438592323858211,
      3.1172353616781474,
      5.962841088322934,
      4.106357637269222,
      -0.1682928113705419,
      5.34103843976789,
      2.3652032949443513,
      0.033442416014338276,
      6.461083582283867,
      7.073245393313809,
      2.9618210665507494,
      0.9189752090185096,
      6.4106090144195065,
      5.872907237692147,
      -0.34427875248302564,
      2.5479761164339565,
      7.340814023770265,
      1.8598691623293988,
      5.647450311088044,
      4.429037932743219,
      3.4962050484965816,
      5.369271030479831,
      6.79773351883799,
      4.815685852057189,
      2.6787475819058675,
      5.149450048190004,
      4.974230261362407,
      2.2444238715042193,
      4.3798720596250345,
      5.317629141359635,
      3.1140909365910776,
      1.9219210130609419,
      5.083759341400381
    ],
    "cost": -4.245285536017299,
    "energy": -2.2109375,
    "entropy": 2.0343480360172985,
    "rho": [
      [
        0.15625,
        0.01220703125,
        -0.00537109375,
        0.011962890625,
        0.00537109375,
        0.0048828125,
        0.05029296875,
        -0.0048828125,
        0.0078125,
        0.0,
        -0.00634765625,
        -0.0023193359375,
        0.02490234375,
        -0.001708984375,
        0.012939453125,
        0.0042724609375
      ],
      [
        0.01220703125,
        0.0634765625,
        0.037353515625,
        -0.0048828125,
        0.01220703125,
        -0.00244140625,
        -0.003662109375,
        0.027099609375,
        -0.00830078125,
        -0.00537109375,
        0.0025634765625,
        -0.00439453125,
        0.005615234375,
        0.017578125,
        -0.0020751953125,
        0.004638671875
      ],
      [
        -0.00537109375,
        0.037353515625,
        0.072265625,
        0.00537109375,
        0.03173828125,
        0.00146484375,
        0.0078125,
        0.015869140625,
        0.00732421875,
        0.0042724609375,
        0.01123046875,
        0.00146484375,
        0.003662109375,
        0.0074462890625,
        0.01513671875,
        0.00439453125
      ],
      [
        0.011962890625,
        -0.0048828125,
        0.00537109375,
        0.0615234375,
        0.001708984375,
        0.024169921875,
        0.018798828125,
        0.00439453125,
        0.0008544921875,
        0.01025390625,
        0.01904296875,
        0.0029296875,
        0.0167236328125,
        -0.002197265625,
        -0.0029296875,
        0.01123046875
      ],
      [
        0.00537109375,
        0.01220703125,
        0.03173828125,
        0.001708984375,
        0.1005859375,
        -0.0048828125,
        0.00048828125,
        0.022216796875,
        0.07958984375,
        0.002685546875,
        0.004150390625,
        0.0152587890625,
        -0.00390625,
        0.0166015625,
        0.03466796875,
        0.0028076171875
      ],
      [
        0.0048828125,
        -0.00244140625,
        0.00146484375,
        0.024169921875,
        -0.0048828125,
        0.0830078125,
        0.051025390625,
        -0.00146484375,
        -0.002685546875,
        0.05224609375,
        0.0474853515625,
        0.000244140625,
        0.02978515625,
        0.0,
        0.0023193359375,
        0.02783203125
      ],
      [
        0.05029296875,
        -0.003662109375,
        0.0078125,
        0.018798828125,
        0.00048828125,
        0.051025390625,
        0.0654296875,
        0.00244140625,
        -0.001708984375,
        0.0433349609375,
        0.0556640625,
        -0.00048828125,
        0.029296875,
        -0.0052490234375,
        0.00390625,
        0.02099609375
      ],
      [
        -0.0048828125,
        0.027099609375,
        0.015869140625,
        0.00439453125,
        0.022216796875,
        -0.00146484375,
        0.00244140625,
        0.0224609375,
        0.0111083984375,
        -0.004150390625,
        0.0,
        0.01123046875,
        0.0006103515625,
        0.005859375,
        0.01123046875,
        0.0009765625
      ],
      [
        0.0078125,
        -0.00830078125,
        0.00732421875,
        0.0008544921875,
        0.07958984375,
        -0.002685546875,
        -0.001708984375,
        0.0111083984375,
        0.087890625,
        0.00390625,
        0.00439453125,
        0.022705078125,
        -0.00634765625,
        0.015625,
        0.0361328125,
        0.0
      ],
      [
        0.0,
        -0.00537109375,
        0.0042724609375,
        0.01025390625,
        0.002685546875,
        0.05224609375,
        0.0433349609375,
        -0.004150390625,
        0.00390625,
        0.08203125,
        0.059326171875,
        -0.0009765625,
        0.03662109375,
        0.0029296875,
        -0.001220703125,
        0.034912109375
      ],
      [
        -0.00634765625,
        0.0025634765625,
        0.01123046875,
        0.01904296875,
        0.004150390625,
        0.0474853515625,
        0.0556640625,
        0.0,
        0.00439453125,
        0.059326171875,
        0.0615234375,
        -0.00244140625,
        0.02392578125,
        -0.0078125,
        -0.00146484375,
        0.026611328125
      ],
      [
        -0.0023193359375,
        -0.00439453125,
        0.00146484375,
        0.0029296875,
        0.0152587890625,
        0.000244140625,
        -0.00048828125,
        0.01123046875,
        0.022705078125,
        -0.0009765625,
        -0.00244140625,
        0.0166015625,
        -0.003173828125,
        0.008056640625,
        0.011962890625,
        0.00146484375
      ],
      [
        0.02490234375,
        0.005615234375,
        0.003662109375,
        0.0167236328125,
        -0.00390625,
        0.02978515625,
        0.029296875,
        0.0006103515625,
        -0.00634765625,
        0.03662109375,
        0.02392578125,
        -0.003173828125,
        0.0537109375,
        -0.00146484375,
        0.0029296875,
        0.018798828125
      ],
      [
        -0.001708984375,
        0.017578125,
        0.0074462890625,
        -0.002197265625,
        0.0166015625,
        0.0,
        -0.0052490234375,
        0.005859375,
        0.015625,
        0.0029296875,
        -0.0078125,
        0.008056640625,
        -0.00146484375,
        0.0224609375,
        0.016845703125,
        0.0009765625
      ],
      [
        0.012939453125,
        -0.0020751953125,
        0.01513671875,
        -0.0029296875,
        0.03466796875,
        0.0023193359375,
        0.00390625,
        0.01123046875,
        0.0361328125,
        -0.001220703125,
        -0.00146484375,
        0.011962890625,
        0.0029296875,
        0.016845703125,
        0.0302734375,
        -0.00341796875
      ],
      [
        0.0042724609375,
        0.004638671875,
        0.00439453125,
        0.01123046875,
        0.0028076171875,
        0.02783203125,
        0.02099609375,
        0.0009765625,
        0.0,
        0.034912109375,
        0.026611328125,
        0.00146484375,
        0.018798828125,
        0.0009765625,
        -0.00341796875,
        0.0205078125
      ]
    ],
    "noiseless_rho": [
      [
        0.15308274495696433,
        7.274621920390724e-17,
        2.4450599951470342e-17,
        0.022369817999953634,
        5.848118265379858e-17,
        -0.004186407081855566,
        0.04934331329706198,
        2.969414843084063e-17,
        3.1185730700777805e-17,
        0.0015603067609970983,
        0.006332349470400766,
        1.9718506116387428e-17,
        0.01669329577795926,
        -1.4524722576508048e-17,
        1.719930596871634e-17,
        0.0056824262711135335
      ],
      [
        7.274621920390724e-17,
        0.09854543989938097,
        0.06564869525315298,
        -1.7572848484155425e-17,
        0.01936779306949089,
        -1.2895621208602298e-17,
        -4.005875276006969e-18,
        0.03922942463880689,
        -0.01065889306688527,
        2.1579514635805455e-20,
        3.7829440275262726e-17,
        0.013987842381856233,
        5.912222875570757e-18,
        0.024050898522461645,
        0.011190646342243588,
        6.901831323135442e-18
      ],
      [
        2.4450599951470342e-17,
        0.06564869525315298,
        0.09362414322804787,
        3.18342343560433e-19,
        0.04012848574511736,
        1.2889888550354127e-17,
        7.687271814186927e-18,
        0.03493344076643773,
        0.004703833904939561,
        4.294612542578173e-17,
        6.583794239961808e-17,
        0.015995282829997598,
        2.2447243156201893e-17,
        0.016999858163842106,
        0.019202922974166918,
        1.5650199493384855e-17
      ],
      [
        0.022369817999953634,
        -1.7572848484155425e-17,
        3.18342343560433e-19,
        0.041351377450183996,
        8.050844230382751e-18,
        0.033300213482855286,
        0.03205960906334564,
        -2.1709560200750323e-17,
        1.6302986688091235e-17,
        0.03083787810940358,
        0.03367393984872146,
        1.6638753080028945e-17,
        0.012726843464028787,
        -1.5120310741433786e-17,
        -2.518149672283435e-18,
        0.018273101469764998
      ],
      [
        5.848118265379858e-17,
        0.01936779306949089,
        0.04012848574511736,
        8.050844230382751e-18,
        0.06659426858819341,
        -1.249572769366903e-17,
        1.4079485425021122e-17,
        0.017252866409766813,
        0.030616888445785983,
        1.4201501858479958e-17,
        2.5634132908790635e-17,
        0.00537958327499222,
        1.955236511245336e-17,
        0.0015600691157946725,
        0.011032000216694579,
        -1.8937847036427422e-19
      ],
      [
        -0.004186407081855566,
        -1.2895621208602298e-17,
        1.2889888550354127e-17,
        0.033300213482855286,
        -1.249572769366903e-17,
        0.0789871522052379,
        0.0467756189018921,
        -3.812819457382615e-17,
        -5.355304392439933e-18,
        0.06121744172077475,
        0.04161702642991399,
        1.6772608960311982e-17,
        0.015475734559243235,
        2.060857777847992e-18,
        1.5797684918721421e-18,
        0.0238662141344722
      ],
      [
        0.04934331329706198,
        -4.005875276006969e-18,
        7.687271814186927e-18,
        0.03205960906334564,
        1.4079485425021122e-17,
        0.0467756189018921,
        0.0717567707273524,
        -2.0288507568528818e-17,
        2.098558937588298e-17,
        0.03934273534194132,
        0.0455934381533182,
        2.36998934059618e-17,
        0.01411972272668536,
        -1.224238479577008e-17,
        4.677786703522574e-18,
        0.020504885908470463
      ],
      [
        2.969414843084063e-17,
        0.03922942463880689,
        0.03493344076643773,
        -2.1709560200750323e-17,
        0.017252866409766813,
        -3.812819457382615e-17,
        -2.0288507568528818e-17,
        0.03408659887791637,
        0.0045396246848661516,
        -2.4756882104316545e-17,
        -6.749402873986424e-18,
        0.01606782587472102,
        -9.743473657056262e-19,
        0.009042322940116513,
        0.00601431803103598,
        -1.2490757743420137e-17
      ],
      [
        3.1185730700777805e-17,
        -0.01065889306688527,
        0.004703833904939561,
        1.6302986688091235e-17,
        0.030616888445785983,
        -5.355304392439933e-18,
        2.098558937588298e-17,
        0.0045396246848661516,
        0.06902677624038955,
        3.187956746905912e-17,
        -1.0906579362409234e-17,
        0.011278465090401436,
        1.8663965542272488e-17,
        -0.005931762552545888,
        0.020249906058573405,
        -5.295252086221417e-18
      ],
      [
        0.0015603067609970983,
        2.1579514635805455e-20,
        4.294612542578173e-17,
        0.03083787810940358,
        1.4201501858479958e-17,
        0.06121744172077475,
        0.03934273534194132,
        -2.4756882104316545e-17,
        3.187956746905912e-17,
        0.08205743122059353,
        0.05470324948498286,
        4.604593300592575e-17,
        0.013439685371775121,
        1.0673346369750785e-18,
        5.9389763570181494e-18,
        0.030563971263155604
      ],
      [
        0.006332349470400766,
        3.7829440275262726e-17,
        6.583794239961808e-17,
        0.03367393984872146,
        2.5634132908790635e-17,
        0.04161702642991399,
        0.0455934381533182,
        -6.749402873986424e-18,
        -1.0906579362409234e-17,
        0.05470324948498286,
        0.07641823057892119,
        4.0009524474493894e-17,
        0.02970150040624931,
        2.0553718317370017e-18,
        -5.556854075972588e-18,
        0.02814327447646917
      ],
      [
        1.9718506116387428e-17,
        0.013987842381856233,
        0.015995282829997598,
        1.6638753080028945e-17,
        0.00537958327499222,
        1.6772608960311982e-17,
        2.36998934059618e-17,
        0.01606782587472102,
        0.011278465090401436,
        4.604593300592575e-17,
        4.0009524474493894e-17,
        0.02088070252884602,
        1.8062155222041438e-17,
        0.008347508478413583,
        0.00405682842527221,
        1.479441073732875e-17
      ],
      [
        0.01669329577795926,
        5.912222875570757e-18,
        2.2447243156201893e-17,
        0.012726843464028787,
        1.955236511245336e-17,
        0.015475734559243235,
        0.01411972272668536,
        -9.743473657056262e-19,
        1.8663965542272488e-17,
        0.013439685371775121,
        0.02970150040624931,
        1.8062155222041438e-17,
        0.05279884326974835,
        -5.479312267102188e-18,
        6.1242863580032316e-18,
        0.013923718043865302
      ],
      [
        -1.4524722576508048e-17,
        0.024050898522461645,
        0.016999858163842106,
        -1.5120310741433786e-17,
        0.0015600691157946725,
        2.060857777847992e-18,
        -1.224238479577008e-17,
        0.009042322940116513,
        -0.005931762552545888,
        1.0673346369750785e-18,
        2.0553718317370017e-18,
        0.008347508478413583,
        -5.479312267102188e-18,
        0.019554390899315866,
        0.00869914848645824,
        5.988834186602638e-19
      ],
      [
        1.719930596871634e-17,
        0.011190646342243588,
        0.019202922974166918,
        -2.518149672283435e-18,
        0.011032000216694579,
        1.5797684918721421e-18,
        4.677786703522574e-18,
        0.00601431803103598,
        0.020249906058573405,
        5.9389763570181494e-18,
        -5.556854075972588e-18,
        0.00405682842527221,
        6.1242863580032316e-18,
        0.00869914848645824,
        0.02027864256690262,
        -1.358525865156881e-19
      ],
      [
        0.0056824262711135335,
        6.901831323135442e-18,
        1.5650199493384855e-17,
        0.018273101469764998,
        -1.8937847036427422e-19,
        0.0238662141344722,
        0.020504885908470463,
        -1.2490757743420137e-17,
        -5.295252086221417e-18,
        0.030563971263155604,
        0.02814327447646917,
        1.479441073732875e-17,
        0.013923718043865302,
        5.988834186602638e-19,
        -1.358525865156881e-19,
        0.020956486762004532
      ]
    ],
    "sigma": [
      0.036144868827160496,
      0.0026041666666666665,
      7.233796296296296e-05,
      0.006148726851851852,
      0.021761670524691357,
      0.025993441358024692,
      0.002724729938271605,
      0.005606192129629629,
      0.1070360725308642,
      0.31450135030864196,
      0.028211805555555556,
      0.03285349151234568,
      0.14515817901234568,
      0.22779224537037038,
      0.0234375,
      0.019953221450617283
    ],
    "noiseless_sigma": [
      0.033434819444981966,
      0.1046585997600434,
      0.022607703829261163,
      0.14434105950704712,
      8.196473837836257e-05,
      0.028838278025010548,
      0.0025535518964427454,
      0.023543797469747198,
      0.002615164000496556,
      0.31694413139150657,
      0.026261951449949476,
      0.23086233856338664,
      0.005741971683289295,
      0.032221202531328534,
      0.006000191936350772,
      0.019293273772778483
    ],
    "eigenvalues": [
      7.233796296296296e-05,
      0.0026041666666666665,
      0.002724729938271605,
      0.005606192129629629,
      0.006148726851851852,
      0.019953221450617283,
      0.021761670524691357,
      0.0234375,
      0.025993441358024692,
      0.028211805555555556,
      0.03285349151234568,
      0.036144868827160496,
      0.1070360725308642,
      0.14515817901234568,
      0.22779224537037038,
      0.31450135030864196
    ],
    "noiseless_eigenvalues": [
      8.196473837836257e-05,
      0.0025535518964427454,
      0.002615164000496556,
      0.005741971683289295,
      0.006000191936350772,
      0.019293273772778483,
      0.022607703829261163,
      0.023543797469747198,
      0.026261951449949476,
      0.028838278025010548,
      0.032221202531328534,
      0.033434819444981966,
      0.1046585997600434,
      0.14434105950704712,
      0.23086233856338664,
      0.31694413139150657
    ],
    "hamiltonian_eigenvalues": [
      -3.0885186266756355,
      -2.7659642660744868,
      -2.315354294608219,
      -2.0106961611393874,
      -0.9250652544079503,
      -0.8295882828427517,
      -0.6772707840971544,
      -0.5953745077742951,
      -0.49186756076579163,
      -0.4176804465123882,
      -0.33092086355657013,
      0.8462246985362212,
      0.9385980186672365,
      1.660100424982307,
      1.705357016570428,
      5.288875955026539
    ],
    "noiseless_hamiltonian_eigenvalues": [
      -3.0962557737128833,
      -2.7793518529609136,
      -2.309709225008779,
      -1.9882338789488054,
      -0.8471281123465308,
      -0.8101549565992712,
      -0.6992338597986776,
      -0.6056514357896434,
      -0.49639266572695595,
      -0.4558209826288371,
      -0.2972867830201009,
      0.8706782848566377,
      0.9146670927846925,
      1.7011429321194234,
      1.724984452414832,
      5.163935886943806
    ]
  },
  "exact_result": {
    "hamiltonian_matrix": [
      [
        [
          -2.0,
          0.0
        ],
        [
          0.0,
          0.0
        ],
        [
          0.0,
          0.0
        ],
        [
          -1.0,
          0.0
        ],
        [
          0.0,
          0.0
        ],
        [
          0.0,
          0.0
        ],
        [
          -1.0,
          0.0
        ],
        [
          0.0,
          0.0
        ],
        [
          0.0,
          0.0
        ],
        [
          -1.0,
          0.0
        ],
        [
          0.0,
          0.0
        ],
        [
          0.0,
          0.0
        ],
        [
          -1.0,
          0.0
        ],
        [
          0.0,
          0.0
        ],
        [
          0.0,
          0.0
        ],
        [
          0.0,
          0.0
        ]
      ],
      [
        [
          0.0,
          0.0
        ],
        [
          -1.0,
          0.0
        ],
        [
          -1.0,
          0.0
        ],
        [
          0.0,
          0.0
        ],
        [
          0.0,
          0.0
        ],
        [
          0.0,
          0.0
        ],
        [
          0.0,
          0.0
        ],
        [
          -1.0,
          0.0
        ],
        [
          -1.0,
          0.0
        ],
        [
          0.0,
          0.0
        ],
        [
          0.0,
          0.0
        ],
        [
          0.0,
          0.0
        ],
        [
          0.0,
          0.0
        ],
        [
          -1.0,
          0.0
        ],
        [
          0.0,
          0.0
        ],
        [
          0.0,
          0.0
        ]
      ],
      [
        [
          0.0,
          0.0
        ],
        [
          -1.0,
          0.0
        ],
        [
          -1.0,
          0.0
        ],
        [
          0.0,
          0.0
        ],
        [
          -1.0,
          0.0
        ],
        [
          0.0,
          0.0
        ],
        [
          0.0,
          0.0
        ],
        [
          0.0,
          0.0
        ],
        [
          0.0,
          0.0
        ],
        [
          0.0,
          0.0
        ],
        [
          0.0,
          0.0
        ],
        [
          -1.0,
          0.0
        ],
        [
          0.0,
          0.0
        ],
        [
          0.0,
          0.0
        ],
        [
          -1.0,
          0.0
        ],
        [
          0.0,
          0.0
        ]
      ],
      [
        [
          -1.0,
          0.0
        ],
        [
          0.0,
          0.0
        ],
        [
          0.0,
          0.0
        ],
        [
          0.0,
          0.0
        ],
        [
          0.0,
          0.0
        ],
        [
          -1.0,
          0.0
        ],
        [
          0.0,
          0.0
        ],
        [
          0.0,
          0.0
        ],
        [
          0.0,
          0.0
        ],
        [
          0.0,
          0.0
        ],
        [
          -1.0,
          0.0
        ],
        [
          0.0,
          0.0
        ],
        [
          0.0,
          0.0
        ],
        [
          0.0,
          0.0
        ],
        [
          0.0,
          0.0
        ],
        [
          -1.0,
          0.0
        ]
      ],
      [
        [
          0.0,
          0.0
        ],
        [
          0.0,
          0.0
        ],
        [
          -1.0,
          0.0
        ],
        [
          0.0,
          0.0
        ],
        [
          -1.0,
          0.0
        ],
        [
          0.0,
          0.0
        ],
        [
          0.0,
          0.0
        ],
        [
          -1.0,
          0.0
        ],
        [
          -1.0,
          0.0
        ],
        [
          0.0,
          0.0
        ],
        [
          0.0,
          0.0
        ],
        [
          0.0,
          0.0
        ],
        [
          0.0,
          0.0
        ],
        [
          -1.0,
          0.0
        ],
        [
          0.0,
          0.0
        ],
        [
          0.0,
          0.0
        ]
      ],
      [
        [
          0.0,
          0.0
        ],
        [
          0.0,
          0.0
        ],
        [
          0.0,
          0.0
        ],
        [
          -1.0,
          0.0
        ],
        [
          0.0,
          0.0
        ],
        [
          0.0,
          0.0
        ],
        [
          -1.0,
          0.0
        ],
        [
          0.0,
          0.0
        ],
        [
          0.0,
          0.0
        ],
        [
          -1.0,
          0.0
        ],
        [
          0.0,
          0.0
        ],
        [
          0.0,
          0.0
        ],
        [
          -1.0,
          0.0
        ],
        [
          0.0,
          0.0
        ],
        [
          0.0,
          0.0
        ],
        [
          0.0,
          0.0
        ]
      ],
      [
        [
          -1.0,
          0.0
        ],
        [
          0.0,
          0.0
        ],
        [
          0.0,
          0.0
        ],
        [
          0.0,
          0.0
        ],
        [
          0.0,
          0.0
        ],
        [
          -1.0,
          0.0
        ],
        [
          0.0,
          0.0
        ],
        [
          0.0,
          0.0
        ],
        [
          0.0,
          0.0
        ],
        [
          0.0,
          0.0
        ],
        [
          -1.0,
          0.0
        ],
        [
          0.0,
          0.0
        ],
        [
          0.0,
          0.0
        ],
        [
          0.0,
          0.0
        ],
        [
          0.0,
          0.0
        ],
        [
          -1.0,
          0.0
        ]
      ],
      [
        [
          0.0,
          0.0
        ],
        [
          -1.0,
          0.0
        ],
        [
          0.0,
          0.0
        ],
        [
          0.0,
          0.0
        ],
        [
          -1.0,
          0.0
        ],
        [
          0.0,
          0.0
        ],
        [
          0.0,
          0.0
        ],
        [
          1.0,
          0.0
        ],
        [
          0.0,
          0.0
        ],
        [
          0.0,
          0.0
        ],
        [
          0.0,
          0.0
        ],
        [
          -1.0,
          0.0
        ],
        [
          0.0,
          0.0
        ],
        [
          0.0,
          0.0
        ],
        [
          -1.0,
          0.0
        ],
        [
          0.0,
          0.0
        ]
      ],
      [
        [
          0.0,
          0.0
        ],
        [
          -1.0,
          0.0
        ],
        [
          0.0,
          0.0
        ],
        [
          0.0,
          0.0
        ],
        [
          -1.0,
          0.0
        ],
        [
          0.0,
          0.0
        ],
        [
          0.0,
          0.0
        ],
        [
          0.0,
          0.0
        ],
        [
          -1.0,
          0.0
        ],
        [
          0.0,
          0.0
        ],
        [
          0.0,
          0.0
        ],
        [
          -1.0,
          0.0
        ],
        [
          0.0,
          0.0
        ],
        [
          0.0,
          0.0
        ],
        [
          -1.0,
          0.0
        ],
        [
          0.0,
          0.0
        ]
      ],
      [
        [
          -1.0,
          0.0
        ],
        [
          0.0,
          0.0
        ],
        [
          0.0,
          0.0
        ],
        [
          0.0,
          0.0
        ],
        [
          0.0,
          0.0
        ],
        [
          -1.0,
          0.0
        ],
        [
          0.0,
          0.0
        ],
        [
          0.0,
          0.0
        ],
        [
          0.0,
          0.0
        ],
        [
          0.0,
          0.0
        ],
        [
          -1.0,
          0.0
        ],
        [
          0.0,
          0.0
        ],
        [
          0.0,
          0.0
        ],
        [
          0.0,
          0.0
        ],
        [
          0.0,
          0.0
        ],
        [
          -1.0,
          0.0
        ]
      ],
      [
        [
          0.0,
          0.0
        ],
        [
          0.0,
          0.0
        ],
        [
          0.0,
          0.0
        ],
        [
          -1.0,
          0.0
        ],
        [
          0.0,
          0.0
        ],
        [
          0.0,
          0.0
        ],
        [
          -1.0,
          0.0
        ],
        [
          0.0,
          0.0
        ],
        [
          0.0,
          0.0
        ],
        [
          -1.0,
          0.0
        ],
        [
          0.0,
          0.0
        ],
        [
          0.0,
          0.0
        ],
        [
          -1.0,
          0.0
        ],
        [
          0.0,
          0.0
        ],
        [
          0.0,
          0.0
        ],
        [
          0.0,
          0.0
        ]
      ],
      [
        [
          0.0,
          0.0
        ],
        [
          0.0,
          0.0
        ],
        [
          -1.0,
          0.0
        ],
        [
          0.0,
          0.0
        ],
        [
          0.0,
          0.0
        ],
        [
          0.0,
          0.0
        ],
        [
          0.0,
          0.0
        ],
        [
          -1.0,
          0.0
        ],
        [
          -1.0,
          0.0
        ],
        [
          0.0,
          0.0
        ],
        [
          0.0,
          0.0
        ],
        [
          1.0,
          0.0
        ],
        [
          0.0,
          0.0
        ],
        [
          -1.0,
          0.0
        ],
        [
          0.0,
          0.0
        ],
        [
          0.0,
          0.0
        ]
      ],
      [
        [
          -1.0,
          0.0
        ],
        [
          0.0,
          0.0
        ],
        [
          0.0,
          0.0
        ],
        [
          0.0,
          0.0
        ],
        [
          0.0,
          0.0
        ],
        [
          -1.0,
          0.0
        ],
        [
          0.0,
          0.0
        ],
        [
          0.0,
          0.0
        ],
        [
          0.0,
          0.0
        ],
        [
          0.0,
          0.0
        ],
        [
          -1.0,
          0.0
        ],
        [
          0.0,
          0.0
        ],
        [
          0.0,
          0.0
        ],
        [
          0.0,
          0.0
        ],
        [
          0.0,
          0.0
        ],
        [
          -1.0,
          0.0
        ]
      ],
      [
        [
          0.0,
          0.0
        ],
        [
          -1.0,
          0.0
        ],
        [
          0.0,
          0.0
        ],
        [
          0.0,
          0.0
        ],
        [
          -1.0,
          0.0
        ],
        [
          0.0,
          0.0
        ],
        [
          0.0,
          0.0
        ],
        [
          0.0,
          0.0
        ],
        [
          0.0,
          0.0
        ],
        [
          0.0,
          0.0
        ],
        [
          0.0,
          0.0
        ],
        [
          -1.0,
          0.0
        ],
        [
          0.0,
          0.0
        ],
        [
          1.0,
          0.0
        ],
        [
          -1.0,
          0.0
        ],
        [
          0.0,
          0.0
        ]
      ],
      [
        [
          0.0,
          0.0
        ],
        [
          0.0,
          0.0
        ],
        [
          -1.0,
          0.0
        ],
        [
          0.0,
          0.0
        ],
        [
          0.0,
          0.0
        ],
        [
          0.0,
          0.0
        ],
        [
          0.0,
          0.0
        ],
        [
          -1.0,
          0.0
        ],
        [
          -1.0,
          0.0
        ],
        [
          0.0,
          0.0
        ],
        [
          0.0,
          0.0
        ],
        [
          0.0,
          0.0
        ],
        [
          0.0,
          0.0
        ],
        [
          -1.0,
          0.0
        ],
        [
          1.0,
          0.0
        ],
        [
          0.0,
          0.0
        ]
      ],
      [
        [
          0.0,
          0.0
        ],
        [
          0.0,
          0.0
        ],
        [
          0.0,
          0.0
        ],
        [
          -1.0,
          0.0
        ],
        [
          0.0,
          0.0
        ],
        [
          0.0,
          0.0
        ],
        [
          -1.0,
          0.0
        ],
        [
          0.0,
          0.0
        ],
        [
          0.0,
          0.0
        ],
        [
          -1.0,
          0.0
        ],
        [
          0.0,
          0.0
        ],
        [
          0.0,
          0.0
        ],
        [
          -1.0,
          0.0
        ],
        [
          0.0,
          0.0
        ],
        [
          0.0,
          0.0
        ],
        [
          2.0,
          0.0
        ]
      ]
    ],
    "gibbs_state": [
      [
        0.16703902762111839,
        0.0,
        0.0,
        0.08426966270003088,
        0.0,
        0.07403317075334677,
        0.08426966270003088,
        0.0,
        0.0,
        0.08426966270003088,
        0.07403317075334676,
        0.0,
        0.08426966270003088,
        0.0,
        0.0,
        0.052214394776907015
      ],
      [
        0.0,
        0.09010134606369072,
        0.0785173533125404,
        0.0,
        0.07279306678363738,
        0.0,
        0.0,
        0.04954596937518891,
        0.0785173533125404,
        0.0,
        0.0,
        0.047763680959273906,
        0.0,
        0.049545969375188896,
        0.0477636809592739,
        0.0
      ],
      [
        0.0,
        0.07851735331254038,
        0.09010134606369072,
        0.0,
        0.07851735331254041,
        0.0,
        0.0,
        0.047763680959273906,
        0.07279306678363741,
        0.0,
        0.0,
        0.04954596937518891,
        0.0,
        0.04776368095927389,
        0.049545969375188896,
        0.0
      ],
      [
        0.0842696627000309,
        0.0,
        0.0,
        0.05447062970805327,
        0.0,
        0.04725307732335752,
        0.04810326959886798,
        0.0,
        0.0,
        0.04810326959886798,
        0.04725307732335752,
        0.0,
        0.04810326959886798,
        0.0,
        0.0,
        0.032055267923123854
      ],
      [
        0.0,
        0.07279306678363737,
        0.07851735331254038,
        0.0,
        0.09010134606369072,
        0.0,
        0.0,
        0.04954596937518891,
        0.0785173533125404,
        0.0,
        0.0,
        0.0477636809592739,
        0.0,
        0.049545969375188896,
        0.04776368095927389,
        0.0
      ],
      [
        0.07403317075334677,
        0.0,
        0.0,
        0.04725307732335752,
        0.0,
        0.050359504530014206,
        0.04725307732335751,
        0.0,
        0.0,
        0.047253077323357505,
        0.043992144420828924,
        0.0,
        0.047253077323357505,
        0.0,
        0.0,
        0.03039561880046731
      ],
      [
        0.0842696627000309,
        0.0,
        0.0,
        0.04810326959886798,
        0.0,
        0.047253077323357505,
        0.054470629708053254,
        0.0,
        0.0,
        0.04810326959886797,
        0.047253077323357505,
        0.0,
        0.04810326959886797,
        0.0,
        0.0,
        0.03205526792312385
      ],
      [
        0.0,
        0.049545969375188896,
        0.04776368095927389,
        0.0,
        0.0495459693751889,
        0.0,
        0.0,
        0.033072447487827374,
        0.0477636809592739,
        0.0,
        0.0,
        0.030753672353266516,
        0.0,
        0.030730026609122957,
        0.03075367235326651,
        0.0
      ],
      [
        0.0,
        0.07851735331254038,
        0.07279306678363737,
        0.0,
        0.0785173533125404,
        0.0,
        0.0,
        0.04776368095927389,
        0.09010134606369072,
        0.0,
        0.0,
        0.04954596937518891,
        0.0,
        0.04776368095927388,
        0.0495459693751889,
        0.0
      ],
      [
        0.08426966270003092,
        0.0,
        0.0,
        0.048103269598867994,
        0.0,
        0.04725307732335752,
        0.04810326959886799,
        0.0,
        0.0,
        0.05447062970805327,
        0.04725307732335752,
        0.0,
        0.04810326959886799,
        0.0,
        0.0,
        0.032055267923123854
      ],
      [
        0.07403317075334676,
        0.0,
        0.0,
        0.04725307732335751,
        0.0,
        0.04399214442082892,
        0.047253077323357505,
        0.0,
        0.0,
        0.0472530773233575,
        0.05035950453001419,
        0.0,
        0.047253077323357505,
        0.0,
        0.0,
        0.030395618800467306
      ],
      [
        0.0,
        0.04776368095927388,
        0.049545969375188896,
        0.0,
        0.047763680959273885,
        0.0,
        0.0,
        0.03075367235326651,
        0.049545969375188896,
        0.0,
        0.0,
        0.033072447487827374,
        0.0,
        0.03075367235326651,
        0.030730026609122964,
        0.0
      ],
      [
        0.08426966270003089,
        0.0,
        0.0,
        0.04810326959886798,
        0.0,
        0.04725307732335751,
        0.04810326959886797,
        0.0,
        0.0,
        0.04810326959886797,
        0.04725307732335751,
        0.0,
        0.05447062970805325,
        0.0,
        0.0,
        0.03205526792312385
      ],
      [
        0.0,
        0.04954596937518889,
        0.04776368095927388,
        0.0,
        0.049545969375188896,
        0.0,
        0.0,
        0.030730026609122954,
        0.04776368095927388,
        0.0,
        0.0,
        0.03075367235326651,
        0.0,
        0.03307244748782737,
        0.0307536723532665,
        0.0
      ],
      [
        0.0,
        0.047763680959273885,
        0.049545969375188896,
        0.0,
        0.047763680959273885,
        0.0,
        0.0,
        0.03075367235326651,
        0.049545969375188896,
        0.0,
        0.0,
        0.030730026609122964,
        0.0,
        0.030753672353266506,
        0.03307244748782737,
        0.0
      ],
      [
        0.05221439477690706,
        0.0,
        0.0,
        0.03205526792312386,
        0.0,
        0.030395618800467324,
        0.03205526792312386,
        0.0,
        0.0,
        0.03205526792312386,
        0.030395618800467324,
        0.0,
        0.03205526792312386,
        0.0,
        0.0,
        0.02166427028056784
      ]
    ],
    "energy": -3.8724175064729907,
    "entropy": 1.1841528143826907,
    "cost": -5.056570320855681,
    "eigenvalues": [
      8.88884157023648e-05,
      9.209975283592908e-05,
      0.0016936366220639163,
      0.0023424208787044057,
      0.002342420878704422,
      0.005028476123352187,
      0.006367360109185264,
      0.006367360109185272,
      0.0063673601091852735,
      0.006367360109185303,
      0.008062735859828692,
      0.017308279280053324,
      0.017308279280053348,
      0.023938591213642377,
      0.4402104621525399,
      0.4561142691057778
    ],
    "hamiltonian_eigenvalues": [
      -4.271558410139714,
      -4.23606797749979,
      -1.3243068937239126,
      -1.0000000000000004,
      -1.0,
      -0.23606797749978978,
      -5.004354428574223e-16,
      -8.53653240412687e-17,
      4.944816257507461e-17,
      2.0024993085310826e-16,
      0.23606797749978953,
      0.9999999999999996,
      1.0000000000000004,
      1.324306893723913,
      4.23606797749979,
      4.271558410139717
    ]
  },
  "metrics": {
    "exact_purity": 0.40326401172339443,
    "calculated_fidelity": 0.7110338270437193,
    "calculated_trace_distance": 0.25539744953992133,
    "calculated_relative_entropy": 0.5854419704873548,
    "calculated_purity": 0.17342710494995117,
    "noiseless_fidelity": 0.7169230619692034,
    "noiseless_trace_distance": 0.22676028362612388,
    "noiseless_relative_entropy": 0.5844823412802664,
    "noiseless_purity": 0.1628885779740291
  }
}
