{
  "n": 4,
  "J": 1.0,
  "h": 0.5,
  "beta": 1.2,
  "calculated_result": {
    "n": 4,
    "J": 1.0,
    "h": 0.5,
    "beta": 1.2,
    "params": [
      1.2219487031430052,
      5.399645889332443,
      3.169755525971576,
      4.542950365534854,
      2.103664756771672,
      4.176536539605805,
      0.65573227154447,
      3.5244152386777436,
      3.1846287012613104,
      5.654775265462646,
      5.540997007691796,
      3.557232465390174,
      3.0169322304783046,
      5.881866343440329,
      3.870407815888805,
      -0.36540715298051835,
      5.191419408537209,
      2.227709972003387,
      -0.06478512874950587,
      6.588585890135154,
      7.152656435619588,
      2.8032741079552626,
      0.9429804934709682,
      6.402740511223497,
      5.957098284055944,
      -0.578713536525994,
      2.3838057198834375,
      7.274377620388051,
      1.8598252387201637,
      5.531046110925759,
      4.466292131863589,
      3.2896736221890324,
      5.4040314900293165,
      6.624736539271403,
      4.770051818612706,
      2.543449608744414,
      4.923363566042223,
      4.75473760976266,
      2.4078037611596916,
      4.212391069969846,
      5.303300298930966,
      2.974751018165555,
      1.8168211223125472,
      5.005561808334999
    ],
    "cost": -4.2676406857544125,
    "energy": -2.94921875,
    "entropy": 1.582106322905295,
    "rho": [
      [
        0.140625,
        0.0029296875,
        0.01123046875,
        0.01953125,
        0.0087890625,
        0.029296875,
        0.03759765625,
        0.0020751953125,
        0.0126953125,
        0.03125,
        0.029296875,
        0.011962890625,
        0.04833984375,
        0.005615234375,
        -0.000732421875,
        0.0057373046875
      ],
      [
        0.0029296875,
        0.0361328125,
        0.0224609375,
        -0.0029296875,
        0.044921875,
        0.00390625,
        0.0030517578125,
        0.01708984375,
        0.04736328125,
        0.0087890625,
        0.00048828125,
        0.01416015625,
        -0.001220703125,
        0.01123046875,
        0.0142822265625,
        0.01171875
      ],
      [
        0.01123046875,
        0.0224609375,
        0.087890625,
        0.0048828125,
        0.099609375,
        0.0040283203125,
        -0.00244140625,
        0.01708984375,
        0.0927734375,
        0.000732421875,
        -0.0029296875,
        0.02392578125,
        0.002685546875,
        0.0067138671875,
        0.04248046875,
        0.0009765625
      ],
      [
        0.01953125,
        -0.0029296875,
        0.0048828125,
        0.02734375,
        0.0074462890625,
        0.025390625,
        0.02490234375,
        -0.005859375,
        0.01123046875,
        0.01611328125,
        0.02734375,
        -0.00830078125,
        0.0269775390625,
        -0.00341796875,
        0.00341796875,
        0.01708984375
      ],
      [
        0.0087890625,
        0.044921875,
        0.099609375,
        0.0074462890625,
        0.1591796875,
        0.00146484375,
        0.00048828125,
        0.0400390625,
        0.140625,
        0.002197265625,
        0.010009765625,
        0.0360107421875,
        0.00244140625,
        0.02392578125,
        0.05908203125,
        0.010498046875
      ],
      [
        0.029296875,
        0.00390625,
        0.0040283203125,
        0.025390625,
        0.00146484375,
        0.0595703125,
        0.04833984375,
        -0.0048828125,
        0.008056640625,
        0.0576171875,
        0.0616455078125,
        -0.0009765625,
        0.0390625,
        -0.00439453125,
        -0.0029296875,
        0.017578125
      ],
      [
        0.03759765625,
        0.0030517578125,
        -0.00244140625,
        0.02490234375,
        0.00048828125,
        0.04833984375,
        0.0576171875,
        -0.00146484375,
        0.007568359375,
        0.0555419921875,
        0.0556640625,
        0.00146484375,
        0.02685546875,
        -0.001220703125,
        0.00146484375,
        0.01513671875
      ],
      [
        0.0020751953125,
        0.01708984375,
        0.01708984375,
        -0.005859375,
        0.0400390625,
        -0.0048828125,
        -0.00146484375,
        0.0263671875,
        0.0362548828125,
        -0.00244140625,
        0.0009765625,
        0.015625,
        -0.00244140625,
        0.01171875,
        0.015625,
        0.0009765625
      ],
      [
        0.0126953125,
        0.04736328125,
        0.0927734375,
        0.01123046875,
        0.140625,
        0.008056640625,
        0.007568359375,
        0.0362548828125,
        0.130859375,
        0.01025390625,
        0.00048828125,
        0.034912109375,
        -0.00341796875,
        0.02490234375,
        0.05029296875,
        -0.0001220703125
      ],
      [
        0.03125,
        0.0087890625,
        0.000732421875,
        0.01611328125,
        0.002197265625,
        0.0576171875,
        0.0555419921875,
        -0.00244140625,
        0.01025390625,
        0.0693359375,
        0.071533203125,
        0.0068359375,
        0.03857421875,
        -0.00048828125,
        0.0008544921875,
        0.0126953125
      ],
      [
        0.029296875,
        0.00048828125,
        -0.0029296875,
        0.02734375,
        0.010009765625,
        0.0616455078125,
        0.0556640625,
        0.0009765625,
        0.00048828125,
        0.071533203125,
        0.080078125,
        0.00537109375,
        0.0341796875,
        0.0028076171875,
        0.0048828125,
        0.02099609375
      ],
      [
        0.011962890625,
        0.01416015625,
        0.02392578125,
        -0.00830078125,
        0.0360107421875,
        -0.0009765625,
        0.00146484375,
        0.015625,
        0.034912109375,
        0.0068359375,
        0.00537109375,
        0.0244140625,
        -0.0015869140625,
        0.01806640625,
        0.01611328125,
        0.00146484375
      ],
      [
        0.04833984375,
        -0.001220703125,
        0.002685546875,
        0.0269775390625,
        0.00244140625,
        0.0390625,
        0.02685546875,
        -0.00244140625,
        -0.00341796875,
        0.03857421875,
        0.0341796875,
        -0.0015869140625,
        0.044921875,
        0.00390625,
        0.00927734375,
        0.018798828125
      ],
      [
        0.005615234375,
        0.01123046875,
        0.0067138671875,
        -0.00341796875,
        0.02392578125,
        -0.00439453125,
        -0.001220703125,
        0.01171875,
        0.02490234375,
        -0.00048828125,
        0.0028076171875,
        0.01806640625,
        0.00390625,
        0.017578125,
        0.020751953125,
        -0.0009765625
      ],
      [
        -0.000732421875,
        0.0142822265625,
        0.04248046875,
        0.00341796875,
        0.05908203125,
        -0.0029296875,
        0.00146484375,
        0.015625,
        0.05029296875,
        0.0008544921875,
        0.0048828125,
        0.01611328125,
        0.00927734375,
        0.020751953125,
        0.0234375,
        -0.00390625
      ],
      [
        0.0057373046875,
        0.01171875,
        0.0009765625,
        0.01708984375,
        0.010498046875,
        0.017578125,
        0.01513671875,
        0.0009765625,
        -0.0001220703125,
        0.0126953125,
        0.02099609375,
        0.00146484375,
        0.018798828125,
        -0.0009765625,
        -0.00390625,
        0.0146484375
      ]
    ],
    "noiseless_rho": [
      [
        0.1171599943569423,
        8.218485680428202e-17,
        5.026094571470217e-17,
        0.05401160052690228,
        6.163526561435525e-17,
        0.03035626471499916,
        0.041676065773535755,
        6.599514836781192e-17,
        4.4015855868038294e-17,
        0.03196462396644248,
        0.029066632019010236,
        1.124797139566344e-17,
        0.017511645895554873,
        4.147138306054998e-18,
        2.527108316650024e-17,
        0.011250304055230316
      ],
      [
        8.218485680428202e-17,
        0.13343841110066798,
        0.12426282040107764,
        -5.2481587335742965e-17,
        0.08123058095195948,
        -1.697399272459123e-17,
        -5.462949815466856e-17,
        0.04879893784799725,
        0.03954796094112475,
        -2.94605579409057e-17,
        8.264634185677875e-18,
        0.025333493623204535,
        3.8283794546515633e-17,
        0.03830207961583979,
        0.033521383646860484,
        -1.5678784296615166e-17
      ],
      [
        5.026094571470217e-17,
        0.12426282040107764,
        0.1508033087427675,
        -6.446787917375643e-17,
        0.09176430254041655,
        -1.9256664937003883e-17,
        -5.670724774608995e-17,
        0.05491212547876061,
        0.03984967070013508,
        -2.1589000412746303e-17,
        1.6294860708880245e-17,
        0.026810084327830143,
        3.3149880270206606e-17,
        0.03385951194580988,
        0.03688888199360128,
        -1.9372874772814045e-17
      ],
      [
        0.05401160052690228,
        -5.2481587335742965e-17,
        -6.446787917375643e-17,
        0.05224253541594944,
        -2.0705765760068906e-17,
        0.04495214212687872,
        0.03636835960461179,
        1.1402308296578418e-18,
        -8.242741975341536e-18,
        0.04035008845402912,
        0.036332758914033696,
        -4.470805655392549e-18,
        0.017671221727646954,
        -2.5688429659172652e-17,
        -1.2419462681014371e-17,
        0.01793177048191887
      ],
      [
        6.163526561435525e-17,
        0.08123058095195948,
        0.09176430254041655,
        -2.0705765760068906e-17,
        0.08841260629462264,
        -1.4326708171497262e-18,
        -1.7746194912375506e-17,
        0.04180323202098937,
        0.02380447496473364,
        -6.154510947213682e-18,
        2.0315131275745512e-17,
        0.01349876444777526,
        2.2080530272319792e-17,
        0.022324914148413783,
        0.01956832827596874,
        -1.5210087160530335e-17
      ],
      [
        0.03035626471499916,
        -1.697399272459123e-17,
        -1.9256664937003883e-17,
        0.04495214212687872,
        -1.4326708171497262e-18,
        0.0804565097562481,
        0.060576548679738926,
        -8.509021359172659e-18,
        -5.7197279429744075e-18,
        0.06545770621054209,
        0.05878092446923376,
        -2.022534733926274e-18,
        0.027737064683744858,
        -1.0557639632604198e-17,
        6.0567570373988e-21,
        0.022392529796386725
      ],
      [
        0.041676065773535755,
        -5.462949815466856e-17,
        -5.670724774608995e-17,
        0.03636835960461179,
        -1.7746194912375506e-17,
        0.060576548679738926,
        0.060356749158773794,
        -1.6934572735097283e-17,
        -1.293687272559374e-17,
        0.050254514349217155,
        0.052543791000664156,
        -1.4957459389618654e-17,
        0.023317235407283077,
        -2.263488304080735e-17,
        -1.3226739896925662e-17,
        0.017340677747635373
      ],
      [
        6.599514836781192e-17,
        0.04879893784799725,
        0.05491212547876061,
        1.1402308296578418e-18,
        0.04180323202098937,
        -8.509021359172659e-18,
        -1.6934572735097283e-17,
        0.03222236045988743,
        0.014021050535530072,
        -7.710796560658298e-18,
        2.664358703309149e-19,
        0.01504994723015481,
        4.7586324498881585e-18,
        0.013138017314359821,
        0.01161233452845772,
        -9.843398387684449e-18
      ],
      [
        4.4015855868038294e-17,
        0.03954796094112475,
        0.03984967070013508,
        -8.242741975341536e-18,
        0.02380447496473364,
        -5.7197279429744075e-18,
        -1.293687272559374e-17,
        0.014021050535530072,
        0.039061976493199195,
        6.1366231363169845e-18,
        1.1262290609363811e-17,
        0.017218738719405928,
        2.2221711773822254e-17,
        0.013149642364489381,
        0.01738829249652596,
        4.573043967234587e-18
      ],
      [
        0.03196462396644248,
        -2.94605579409057e-17,
        -2.1589000412746303e-17,
        0.04035008845402912,
        -6.154510947213682e-18,
        0.06545770621054209,
        0.050254514349217155,
        -7.710796560658298e-18,
        6.1366231363169845e-18,
        0.06984318211709988,
        0.05690340083427842,
        7.090289018162609e-19,
        0.01969553821391263,
        -1.62780890768707e-17,
        -6.496755105858277e-19,
        0.01963305603804918
      ],
      [
        0.029066632019010236,
        8.264634185677875e-18,
        1.6294860708880245e-17,
        0.036332758914033696,
        2.0315131275745512e-17,
        0.05878092446923376,
        0.052543791000664156,
        2.664358703309149e-19,
        1.1262290609363811e-17,
        0.05690340083427842,
        0.05953080008992472,
        6.506645392905551e-18,
        0.027546713625238174,
        -9.033098779037909e-19,
        9.145937121490093e-18,
        0.020873784174760306
      ],
      [
        1.124797139566344e-17,
        0.025333493623204535,
        0.026810084327830143,
        -4.470805655392549e-18,
        0.01349876444777526,
        -2.022534733926274e-18,
        -1.4957459389618654e-17,
        0.01504994723015481,
        0.017218738719405928,
        7.090289018162609e-19,
        6.506645392905551e-18,
        0.01941075807882307,
        2.565999774407948e-17,
        0.013471623585522436,
        0.010117523488606237,
        9.068514808827576e-18
      ],
      [
        0.017511645895554873,
        3.8283794546515633e-17,
        3.3149880270206606e-17,
        0.017671221727646954,
        2.2080530272319792e-17,
        0.027737064683744858,
        0.023317235407283077,
        4.7586324498881585e-18,
        2.2221711773822254e-17,
        0.01969553821391263,
        0.027546713625238174,
        2.565999774407948e-17,
        0.038153078209392496,
        1.6532919251872426e-17,
        1.2802365063883527e-17,
        0.018787855194516714
      ],
      [
        4.147138306054998e-18,
        0.03830207961583979,
        0.03385951194580988,
        -2.5688429659172652e-17,
        0.022324914148413783,
        -1.0557639632604198e-17,
        -2.263488304080735e-17,
        0.013138017314359821,
        0.013149642364489381,
        -1.62780890768707e-17,
        -9.033098779037909e-19,
        0.013471623585522436,
        1.6532919251872426e-17,
        0.024439301410730245,
        0.01743670361269237,
        -7.19439247398012e-19
      ],
      [
        2.527108316650024e-17,
        0.033521383646860484,
        0.03688888199360128,
        -1.2419462681014371e-17,
        0.01956832827596874,
        6.0567570373988e-21,
        -1.3226739896925662e-17,
        0.01161233452845772,
        0.01738829249652596,
        -6.496755105858277e-19,
        9.145937121490093e-18,
        0.010117523488606237,
        1.2802365063883527e-17,
        0.01743670361269237,
        0.021551606499423327,
        2.709866762395296e-19
      ],
      [
        0.011250304055230316,
        -1.5678784296615166e-17,
        -1.9372874772814045e-17,
        0.01793177048191887,
        -1.5210087160530335e-17,
        0.022392529796386725,
        0.017340677747635373,
        -9.843398387684449e-18,
        4.573043967234587e-18,
        0.01963305603804918,
        0.020873784174760306,
        9.068514808827576e-18,
        0.018787855194516714,
        -7.19439247398012e-19,
        2.709866762395296e-19,
        0.0129168218155467
      ]
    ],
    "sigma": [
      0.02238859953703704,
      0.020905671296296297,
      0.0007716049382716049,
      6.028163580246913e-05,
      0.012044270833333334,
      0.005606192129629629,
      0.00034963348765432097,
      0.003689236111111111,
      0.023003472222222224,
      0.35598717206790126,
      0.00570264274691358,
      0.014937789351851851,
      0.0714819637345679,
      0.42062114197530864,
      0.021050347222222224,
      0.021399980709876542
    ],
    "noiseless_sigma": [
      0.02376272436256941,
      0.023958430938718137,
      0.01290961858531284,
      0.07288283550872558,
      0.0007343975704132602,
      0.00609149891528752,
      0.00038238526351296845,
      0.02081754401165247,
      0.02096985686935072,
      0.360371181837337,
      0.0056491966108288,
      0.4124373221459589,
      0.0001558933663088714,
      0.014280681495812523,
      0.003232477462902574,
      0.021363955055307225
    ],
    "eigenvalues": [
      6.028163580246913e-05,
      0.00034963348765432097,
      0.0007716049382716049,
      0.003689236111111111,
      0.005606192129629629,
      0.00570264274691358,
      0.012044270833333334,
      0.014937789351851851,
      0.020905671296296297,
      0.021050347222222224,
      0.021399980709876542,
      0.02238859953703704,
      0.023003472222222224,
      0.0714819637345679,
      0.35598717206790126,
      0.42062114197530864
    ],
    "noiseless_eigenvalues": [
      0.0001558933663088714,
      0.00038238526351296845,
      0.0007343975704132602,
      0.003232477462902574,
      0.0056491966108288,
      0.00609149891528752,
      0.01290961858531284,
      0.014280681495812523,
      0.02081754401165247,
      0.02096985686935072,
      0.021363955055307225,
      0.02376272436256941,
      0.023958430938718137,
      0.07288283550872558,
      0.360371181837337,
      0.4124373221459589
    ],
    "hamiltonian_eigenvalues": [
      -3.5459550601300043,
      -3.406923533840695,
      -2.0690489219506425,
      -1.1242155955346957,
      -1.1016378533217575,
      -1.0640029704524325,
      -1.0502754991941252,
      -1.044528349978242,
      -0.7644231202187881,
      -0.5850022010682969,
      0.03804729072888691,
      0.05226227648270054,
      0.40097252951184714,
      1.7048908783391044,
      2.3645469228167695,
      3.829428520777081
    ],
    "noiseless_hamiltonian_eigenvalues": [
      -3.529581493200047,
      -3.4171234207121897,
      -2.0852222522160506,
      -1.158111523606793,
      -1.151276411307292,
      -1.0625989188667897,
      -1.0470829694314836,
      -1.041008031012371,
      -0.7269343529102059,
      -0.6428218368480709,
      -0.016923102221348962,
      0.04589426150208986,
      0.5111146637254205,
      1.7460760033491516,
      2.2899275762189735,
      3.037641259031574
    ]
  },
  "exact_result": {
    "hamiltonian_matrix": [
      [
        [
          -2.0,
          0.0
        ],
        [
          0.0,
          0.0
        ],
        [
          0.0,
          0.0
        ],
        [
          -1.0,
          0.0
        ],
        [
          0.0,
          0.0
        ],
        [
          0.0,
          0.0
        ],
        [
          -1.0,
          0.0
        ],
        [
          0.0,
          0.0
        ],
        [
          0.0,
          0.0
        ],
        [
          -1.0,
          0.0
        ],
        [
          0.0,
          0.0
        ],
        [
          0.0,
          0.0
        ],
        [
          -1.0,
          0.0
        ],
        [
          0.0,
          0.0
        ],
        [
          0.0,
          0.0
        ],
        [
          0.0,
          0.0
        ]
      ],
      [
        [
          0.0,
          0.0
        ],
        [
          -1.0,
          0.0
        ],
        [
          -1.0,
          0.0
        ],
        [
          0.0,
          0.0
        ],
        [
          0.0,
          0.0
        ],
        [
          0.0,
          0.0
        ],
        [
          0.0,
          0.0
        ],
        [
          -1.0,
          0.0
        ],
        [
          -1.0,
          0.0
        ],
        [
          0.0,
          0.0
        ],
        [
          0.0,
          0.0
        ],
        [
          0.0,
          0.0
        ],
        [
          0.0,
          0.0
        ],
        [
          -1.0,
          0.0
        ],
        [
          0.0,
          0.0
        ],
        [
          0.0,
          0.0
        ]
      ],
      [
        [
          0.0,
          0.0
        ],
        [
          -1.0,
          0.0
        ],
        [
          -1.0,
          0.0
        ],
        [
          0.0,
          0.0
        ],
        [
          -1.0,
          0.0
        ],
        [
          0.0,
          0.0
        ],
        [
          0.0,
          0.0
        ],
        [
          0.0,
          0.0
        ],
        [
          0.0,
          0.0
        ],
        [
          0.0,
          0.0
        ],
        [
          0.0,
          0.0
        ],
        [
          -1.0,
          0.0
        ],
        [
          0.0,
          0.0
        ],
        [
          0.0,
          0.0
        ],
        [
          -1.0,
          0.0
        ],
        [
          0.0,
          0.0
        ]
      ],
      [
        [
          -1.0,
          0.0
        ],
        [
          0.0,
          0.0
        ],
        [
          0.0,
          0.0
        ],
        [
          0.0,
          0.0
        ],
        [
          0.0,
          0.0
        ],
        [
          -1.0,
          0.0
        ],
        [
          0.0,
          0.0
        ],
        [
          0.0,
          0.0
        ],
        [
          0.0,
          0.0
        ],
        [
          0.0,
          0.0
        ],
        [
          -1.0,
          0.0
        ],
        [
          0.0,
          0.0
        ],
        [
          0.0,
          0.0
        ],
        [
          0.0,
          0.0
        ],
        [
          0.0,
          0.0
        ],
        [
          -1.0,
          0.0
        ]
      ],
      [
        [
          0.0,
          0.0
        ],
        [
          0.0,
          0.0
        ],
        [
          -1.0,
          0.0
        ],
        [
          0.0,
          0.0
        ],
        [
          -1.0,
          0.0
        ],
        [
          0.0,
          0.0
        ],
        [
          0.0,
          0.0
        ],
        [
          -1.0,
          0.0
        ],
        [
          -1.0,
          0.0
        ],
        [
          0.0,
          0.0
        ],
        [
          0.0,
          0.0
        ],
        [
          0.0,
          0.0
        ],
        [
          0.0,
          0.0
        ],
        [
          -1.0,
          0.0
        ],
        [
          0.0,
          0.0
        ],
        [
          0.0,
          0.0
        ]
      ],
      [
        [
          0.0,
          0.0
        ],
        [
          0.0,
          0.0
        ],
        [
          0.0,
          0.0
        ],
        [
          -1.0,
          0.0
        ],
        [
          0.0,
          0.0
        ],
        [
          0.0,
          0.0
        ],
        [
          -1.0,
          0.0
        ],
        [
          0.0,
          0.0
        ],
        [
          0.0,
          0.0
        ],
        [
          -1.0,
          0.0
        ],
        [
          0.0,
          0.0
        ],
        [
          0.0,
          0.0
        ],
        [
          -1.0,
          0.0
        ],
        [
          0.0,
          0.0
        ],
        [
          0.0,
          0.0
        ],
        [
          0.0,
          0.0
        ]
      ],
      [
        [
          -1.0,
          0.0
        ],
        [
          0.0,
          0.0
        ],
        [
          0.0,
          0.0
        ],
        [
          0.0,
          0.0
        ],
        [
          0.0,
          0.0
        ],
        [
          -1.0,
          0.0
        ],
        [
          0.0,
          0.0
        ],
        [
          0.0,
          0.0
        ],
        [
          0.0,
          0.0
        ],
        [
          0.0,
          0.0
        ],
        [
          -1.0,
          0.0
        ],
        [
          0.0,
          0.0
        ],
        [
          0.0,
          0.0
        ],
        [
          0.0,
          0.0
        ],
        [
          0.0,
          0.0
        ],
        [
          -1.0,
          0.0
        ]
      ],
      [
        [
          0.0,
          0.0
        ],
        [
          -1.0,
          0.0
        ],
        [
          0.0,
          0.0
        ],
        [
          0.0,
          0.0
        ],
        [
          -1.0,
          0.0
        ],
        [
          0.0,
          0.0
        ],
        [
          0.0,
          0.0
        ],
        [
          1.0,
          0.0
        ],
        [
          0.0,
          0.0
        ],
        [
          0.0,
          0.0
        ],
        [
          0.0,
          0.0
        ],
        [
          -1.0,
          0.0
        ],
        [
          0.0,
          0.0
        ],
        [
          0.0,
          0.0
        ],
        [
          -1.0,
          0.0
        ],
        [
          0.0,
          0.0
        ]
      ],
      [
        [
          0.0,
          0.0
        ],
        [
          -1.0,
          0.0
        ],
        [
          0.0,
          0.0
        ],
        [
          0.0,
          0.0
        ],
        [
          -1.0,
          0.0
        ],
        [
          0.0,
          0.0
        ],
        [
          0.0,
          0.0
        ],
        [
          0.0,
          0.0
        ],
        [
          -1.0,
          0.0
        ],
        [
          0.0,
          0.0
        ],
        [
          0.0,
          0.0
        ],
        [
          -1.0,
          0.0
        ],
        [
          0.0,
          0.0
        ],
        [
          0.0,
          0.0
        ],
        [
          -1.0,
          0.0
        ],
        [
          0.0,
          0.0
        ]
      ],
      [
        [
          -1.0,
          0.0
        ],
        [
          0.0,
          0.0
        ],
        [
          0.0,
          0.0
        ],
        [
          0.0,
          0.0
        ],
        [
          0.0,
          0.0
        ],
        [
          -1.0,
          0.0
        ],
        [
          0.0,
          0.0
        ],
        [
          0.0,
          0.0
        ],
        [
          0.0,
          0.0
        ],
        [
          0.0,
          0.0
        ],
        [
          -1.0,
          0.0
        ],
        [
          0.0,
          0.0
        ],
        [
          0.0,
          0.0
        ],
        [
          0.0,
          0.0
        ],
        [
          0.0,
          0.0
        ],
        [
          -1.0,
          0.0
        ]
      ],
      [
        [
          0.0,
          0.0
        ],
        [
          0.0,
          0.0
        ],
        [
          0.0,
          0.0
        ],
        [
          -1.0,
          0.0
        ],
        [
          0.0,
          0.0
        ],
        [
          0.0,
          0.0
        ],
        [
          -1.0,
          0.0
        ],
        [
          0.0,
          0.0
        ],
        [
          0.0,
          0.0
        ],
        [
          -1.0,
          0.0
        ],
        [
          0.0,
          0.0
        ],
        [
          0.0,
          0.0
        ],
        [
          -1.0,
          0.0
        ],
        [
          0.0,
          0.0
        ],
        [
          0.0,
          0.0
        ],
        [
          0.0,
          0.0
        ]
      ],
      [
        [
          0.0,
          0.0
        ],
        [
          0.0,
          0.0
        ],
        [
          -1.0,
          0.0
        ],
        [
          0.0,
          0.0
        ],
        [
          0.0,
          0.0
        ],
        [
          0.0,
          0.0
        ],
        [
          0.0,
          0.0
        ],
        [
          -1.0,
          0.0
        ],
        [
          -1.0,
          0.0
        ],
        [
          0.0,
          0.0
        ],
        [
          0.0,
          0.0
        ],
        [
          1.0,
          0.0
        ],
        [
          0.0,
          0.0
        ],
        [
          -1.0,
          0.0
        ],
        [
          0.0,
          0.0
        ],
        [
          0.0,
          0.0
        ]
      ],
      [
        [
          -1.0,
          0.0
        ],
        [
          0.0,
          0.0
        ],
        [
          0.0,
          0.0
        ],
        [
          0.0,
          0.0
        ],
        [
          0.0,
          0.0
        ],
        [
          -1.0,
          0.0
        ],
        [
          0.0,
          0.0
        ],
        [
          0.0,
          0.0
        ],
        [
          0.0,
          0.0
        ],
        [
          0.0,
          0.0
        ],
        [
          -1.0,
          0.0
        ],
        [
          0.0,
          0.0
        ],
        [
          0.0,
          0.0
        ],
        [
          0.0,
          0.0
        ],
        [
          0.0,
          0.0
        ],
        [
          -1.0,
          0.0
        ]
      ],
      [
        [
          0.0,
          0.0
        ],
        [
          -1.0,
          0.0
        ],
        [
          0.0,
          0.0
        ],
        [
          0.0,
          0.0
        ],
        [
          -1.0,
          0.0
        ],
        [
          0.0,
          0.0
        ],
        [
          0.0,
          0.0
        ],
        [
          0.0,
          0.0
        ],
        [
          0.0,
          0.0
        ],
        [
          0.0,
          0.0
        ],
        [
          0.0,
          0.0
        ],
        [
          -1.0,
          0.0
        ],
        [
          0.0,
          0.0
        ],
        [
          1.0,
          0.0
        ],
        [
          -1.0,
          0.0
        ],
        [
          0.0,
          0.0
        ]
      ],
      [
        [
          0.0,
          0.0
        ],
        [
          0.0,
          0.0
        ],
        [
          -1.0,
          0.0
        ],
        [
          0.0,
          0.0
        ],
        [
          0.0,
          0.0
        ],
        [
          0.0,
          0.0
        ],
        [
          0.0,
          0.0
        ],
        [
          -1.0,
          0.0
        ],
        [
          -1.0,
          0.0
        ],
        [
          0.0,
          0.0
        ],
        [
          0.0,
          0.0
        ],
        [
          0.0,
          0.0
        ],
        [
          0.0,
          0.0
        ],
        [
          -1.0,
          0.0
        ],
        [
          1.0,
          0.0
        ],
        [
          0.0,
          0.0
        ]
      ],
      [
        [
          0.0,
          0.0
        ],
        [
          0.0,
          0.0
        ],
        [
          0.0,
          0.0
        ],
        [
          -1.0,
          0.0
        ],
        [
          0.0,
          0.0
        ],
        [
          0.0,
          0.0
        ],
        [
          -1.0,
          0.0
        ],
        [
          0.0,
          0.0
        ],
        [
          0.0,
          0.0
        ],
        [
          -1.0,
          0.0
        ],
        [
          0.0,
          0.0
        ],
        [
          0.0,
          0.0
        ],
        [
          -1.0,
          0.0
        ],
        [
          0.0,
          0.0
        ],
        [
          0.0,
          0.0
        ],
        [
          2.0,
          0.0
        ]
      ]
    ],
    "gibbs_state": [
      [
        0.17032509902344609,
        0.0,
        0.0,
        0.09051583202657952,
        0.0,
        0.08185450188896036,
        0.09051583202657952,
        0.0,
        0.0,
        0.09051583202657952,
        0.08185450188896037,
        0.0,
        0.09051583202657952,
        0.0,
        0.0,
        0.05686814374964648
      ],
      [
        0.0,
        0.08944541135855981,
        0.08329363565520229,
        0.0,
        0.07990655490088532,
        0.0,
        0.0,
        0.05199548248226065,
        0.08329363565520231,
        0.0,
        0.0,
        0.051146648831451993,
        0.0,
        0.051995482482260665,
        0.05114664883145198,
        0.0
      ],
      [
        0.0,
        0.08329363565520229,
        0.08944541135855981,
        0.0,
        0.0832936356552023,
        0.0,
        0.0,
        0.05114664883145197,
        0.07990655490088532,
        0.0,
        0.0,
        0.05199548248226065,
        0.0,
        0.05114664883145198,
        0.05199548248226065,
        0.0
      ],
      [
        0.09051583202657952,
        0.0,
        0.0,
        0.05462243188944821,
        0.0,
        0.049588581082099306,
        0.05174938353613531,
        0.0,
        0.0,
        0.05174938353613531,
        0.04958858108209931,
        0.0,
        0.05174938353613531,
        0.0,
        0.0,
        0.03364768827693302
      ],
      [
        0.0,
        0.0799065549008853,
        0.08329363565520229,
        0.0,
        0.08944541135855984,
        0.0,
        0.0,
        0.05199548248226063,
        0.08329363565520231,
        0.0,
        0.0,
        0.05114664883145198,
        0.0,
        0.051995482482260644,
        0.05114664883145198,
        0.0
      ],
      [
        0.08185450188896035,
        0.0,
        0.0,
        0.049588581082099306,
        0.0,
        0.04950367167593704,
        0.049588581082099306,
        0.0,
        0.0,
        0.049588581082099306,
        0.046630623322624146,
        0.0,
        0.049588581082099306,
        0.0,
        0.0,
        0.03188178561033257
      ],
      [
        0.09051583202657953,
        0.0,
        0.0,
        0.05174938353613533,
        0.0,
        0.04958858108209931,
        0.05462243188944822,
        0.0,
        0.0,
        0.05174938353613533,
        0.04958858108209931,
        0.0,
        0.05174938353613533,
        0.0,
        0.0,
        0.03364768827693303
      ],
      [
        0.0,
        0.05199548248226063,
        0.05114664883145196,
        0.0,
        0.051995482482260644,
        0.0,
        0.0,
        0.033113173414742764,
        0.05114664883145197,
        0.0,
        0.0,
        0.03214698682375031,
        0.0,
        0.03224782788018104,
        0.03214698682375031,
        0.0
      ],
      [
        0.0,
        0.08329363565520229,
        0.07990655490088529,
        0.0,
        0.08329363565520231,
        0.0,
        0.0,
        0.05114664883145197,
        0.08944541135855984,
        0.0,
        0.0,
        0.05199548248226065,
        0.0,
        0.05114664883145198,
        0.051995482482260644,
        0.0
      ],
      [
        0.09051583202657952,
        0.0,
        0.0,
        0.05174938353613531,
        0.0,
        0.04958858108209931,
        0.05174938353613531,
        0.0,
        0.0,
        0.05462243188944821,
        0.04958858108209931,
        0.0,
        0.05174938353613531,
        0.0,
        0.0,
        0.03364768827693303
      ],
      [
        0.08185450188896036,
        0.0,
        0.0,
        0.049588581082099306,
        0.0,
        0.046630623322624146,
        0.049588581082099306,
        0.0,
        0.0,
        0.049588581082099306,
        0.04950367167593704,
        0.0,
        0.049588581082099306,
        0.0,
        0.0,
        0.03188178561033257
      ],
      [
        0.0,
        0.05114664883145196,
        0.05199548248226063,
        0.0,
        0.05114664883145198,
        0.0,
        0.0,
        0.03214698682375031,
        0.051995482482260644,
        0.0,
        0.0,
        0.03311317341474277,
        0.0,
        0.03214698682375031,
        0.03224782788018104,
        0.0
      ],
      [
        0.0905158320265795,
        0.0,
        0.0,
        0.05174938353613531,
        0.0,
        0.049588581082099306,
        0.05174938353613531,
        0.0,
        0.0,
        0.051749383536135306,
        0.04958858108209931,
        0.0,
        0.0546224318894482,
        0.0,
        0.0,
        0.03364768827693302
      ],
      [
        0.0,
        0.05199548248226063,
        0.05114664883145197,
        0.0,
        0.05199548248226065,
        0.0,
        0.0,
        0.03224782788018104,
        0.05114664883145198,
        0.0,
        0.0,
        0.03214698682375032,
        0.0,
        0.03311317341474278,
        0.032146986823750306,
        0.0
      ],
      [
        0.0,
        0.05114664883145197,
        0.05199548248226062,
        0.0,
        0.05114664883145198,
        0.0,
        0.0,
        0.03214698682375031,
        0.05199548248226065,
        0.0,
        0.0,
        0.03224782788018104,
        0.0,
        0.03214698682375031,
        0.03311317341474277,
        0.0
      ],
      [
        0.056868143749646494,
        0.0,
        0.0,
        0.033647688276933034,
        0.0,
        0.031881785610332586,
        0.033647688276933034,
        0.0,
        0.0,
        0.033647688276933034,
        0.031881785610332586,
        0.0,
        0.033647688276933034,
        0.0,
        0.0,
        0.021943490973676465
      ]
    ],
    "energy": -4.064270327164287,
    "entropy": 0.97525727627785,
    "cost": -4.8769847240624955,
    "eigenvalues": [
      1.706891199487752e-05,
      1.7811553434354913e-05,
      0.0005863756449964851,
      0.0008653455345617268,
      0.0008653455345617359,
      0.00216428929446598,
      0.002873048353312884,
      0.002873048353312895,
      0.0028730483533129006,
      0.00287304835331291,
      0.0038139110430293393,
      0.009538856457674523,
      0.009538856457674572,
      0.014076994689171488,
      0.4634299232178079,
      0.48359302824737516
    ],
    "hamiltonian_eigenvalues": [
      -4.271558410139714,
      -4.23606797749979,
      -1.3243068937239126,
      -1.0000000000000004,
      -1.0,
      -0.23606797749978978,
      -5.004354428574223e-16,
      -8.53653240412687e-17,
      4.944816257507461e-17,
      2.0024993085310826e-16,
      0.23606797749978953,
      0.9999999999999996,
      1.0000000000000004,
      1.324306893723913,
      4.23606797749979,
      4.271558410139717
    ]
  },
  "metrics": {
    "exact_purity": 0.44906374183139025,
    "calculated_fidelity": 0.7906694118166663,
    "calculated_trace_distance": 0.23366052170366572,
    "calculated_relative_entropy": 0.4822786379095349,
    "calculated_purity": 0.2947664260864258,
    "noiseless_fidelity": 0.8011250898795467,
    "noiseless_trace_distance": 0.20998422167435718,
    "noiseless_relative_entropy": 0.4459025325322157,
    "noiseless_purity": 0.2691956991311195
  }
}
