{
  "n": 4,
  "J": 1.0,
  "h": 0.5,
  "beta": 2.0,
  "calculated_result": {
    "n": 4,
    "J": 1.0,
    "h": 0.5,
    "beta": 2.0,
    "params": [
      1.0080593091876904,
      5.035106216730093,
      3.3422160883449887,
      4.659997353564831,
      2.1561219018060753,
      4.471196949646044,
      0.6669953976233453,
      3.375065568576941,
      2.9165592006757466,
      5.5834449646367705,
      5.452224650491849,
      3.7750391783538184,
      2.9682576214491534,
      5.649991209535047,
      3.5677568327224822,
      -0.6329901368253192,
      5.051825162334624,
      2.1089710510267117,
      0.0801792085397397,
      6.544334307942252,
      7.654636986149152,
      2.906436850851191,
      0.834474715994539,
      6.333385520831225,
      5.698901238225489,
      -0.6737780404976259,
      2.183489386633491,
      7.436181955744514,
      1.9735228563909235,
      5.300527352314458,
      4.442315328336734,
      3.4585746461313343,
      5.958288186007953,
      6.479891610317266,
      4.568636881897966,
      2.208566718411169,
      4.997406249756424,
      4.661849663796748,
      2.7173998395187,
      4.1668785973397515,
      5.073485259216081,
      3.1366422389838133,
      1.7145109428227525,
      5.140079506677501
    ],
    "cost": -4.3889535507982265,
    "energy": -3.8310546875,
    "entropy": 1.1157977265964534,
    "rho": [
      [
        0.154296875,
        0.00439453125,
        0.00244140625,
        0.07958984375,
        0.00390625,
        0.09228515625,
        0.07666015625,
        0.011474609375,
        -0.0048828125,
        0.09521484375,
        0.06982421875,
        0.0150146484375,
        0.09521484375,
        0.015869140625,
        0.00439453125,
        0.0406494140625
      ],
      [
        0.00439453125,
        0.0830078125,
        0.06787109375,
        -0.00439453125,
        0.08544921875,
        0.00146484375,
        0.00048828125,
        0.043212890625,
        0.07666015625,
        -0.00390625,
        0.0032958984375,
        0.046875,
        -0.002685546875,
        0.04736328125,
        0.0367431640625,
        0.007080078125
      ],
      [
        0.00244140625,
        0.06787109375,
        0.0849609375,
        -0.001953125,
        0.07666015625,
        0.00146484375,
        0.00732421875,
        0.04150390625,
        0.072265625,
        0.0001220703125,
        0.0048828125,
        0.03955078125,
        0.00244140625,
        0.0440673828125,
        0.03662109375,
        0.00244140625
      ],
      [
        0.07958984375,
        -0.00439453125,
        -0.001953125,
        0.060546875,
        0.004150390625,
        0.046142578125,
        0.037109375,
        -0.00537109375,
        -0.0003662109375,
        0.04541015625,
        0.03955078125,
        -0.00048828125,
        0.0450439453125,
        -0.004638671875,
        -0.001953125,
        0.0390625
      ],
      [
        0.00390625,
        0.08544921875,
        0.07666015625,
        0.004150390625,
        0.0927734375,
        -0.0009765625,
        0.00732421875,
        0.039794921875,
        0.08203125,
        0.002197265625,
        0.00244140625,
        0.0489501953125,
        -0.00048828125,
        0.04736328125,
        0.037109375,
        0.0057373046875
      ],
      [
        0.09228515625,
        0.00146484375,
        0.00146484375,
        0.046142578125,
        -0.0009765625,
        0.0673828125,
        0.061279296875,
        -0.00244140625,
        0.002685546875,
        0.060546875,
        0.0562744140625,
        -0.006591796875,
        0.0556640625,
        -0.00146484375,
        -0.0001220703125,
        0.033203125
      ],
      [
        0.07666015625,
        0.00048828125,
        0.00732421875,
        0.037109375,
        0.00732421875,
        0.061279296875,
        0.0498046875,
        -0.00634765625,
        0.001953125,
        0.0562744140625,
        0.05615234375,
        -0.00048828125,
        0.0458984375,
        -0.0028076171875,
        -0.001953125,
        0.03125
      ],
      [
        0.011474609375,
        0.043212890625,
        0.04150390625,
        -0.00537109375,
        0.039794921875,
        -0.00244140625,
        -0.00634765625,
        0.0390625,
        0.0440673828125,
        -0.005126953125,
        -0.00048828125,
        0.025390625,
        -0.0091552734375,
        0.0322265625,
        0.02099609375,
        0.00732421875
      ],
      [
        -0.0048828125,
        0.07666015625,
        0.072265625,
        -0.0003662109375,
        0.08203125,
        0.002685546875,
        0.001953125,
        0.0440673828125,
        0.109375,
        0.00732421875,
        0.0009765625,
        0.04296875,
        0.00634765625,
        0.0458984375,
        0.04931640625,
        -0.001220703125
      ],
      [
        0.09521484375,
        -0.00390625,
        0.0001220703125,
        0.04541015625,
        0.002197265625,
        0.060546875,
        0.0562744140625,
        -0.005126953125,
        0.00732421875,
        0.0751953125,
        0.06396484375,
        -0.001953125,
        0.05517578125,
        0.00390625,
        -0.00146484375,
        0.029541015625
      ],
      [
        0.06982421875,
        0.0032958984375,
        0.0048828125,
        0.03955078125,
        0.00244140625,
        0.0562744140625,
        0.05615234375,
        -0.00048828125,
        0.0009765625,
        0.06396484375,
        0.0498046875,
        0.00390625,
        0.0458984375,
        -0.001953125,
        -0.00048828125,
        0.029296875
      ],
      [
        0.0150146484375,
        0.046875,
        0.03955078125,
        -0.00048828125,
        0.0489501953125,
        -0.006591796875,
        -0.00048828125,
        0.025390625,
        0.04296875,
        -0.001953125,
        0.00390625,
        0.0244140625,
        -0.002197265625,
        0.033935546875,
        0.0244140625,
        0.00244140625
      ],
      [
        0.09521484375,
        -0.002685546875,
        0.00244140625,
        0.0450439453125,
        -0.00048828125,
        0.0556640625,
        0.0458984375,
        -0.0091552734375,
        0.00634765625,
        0.05517578125,
        0.0458984375,
        -0.002197265625,
        0.046875,
        0.00439453125,
        -0.00048828125,
        0.035400390625
      ],
      [
        0.015869140625,
        0.04736328125,
        0.0440673828125,
        -0.004638671875,
        0.04736328125,
        -0.00146484375,
        -0.0028076171875,
        0.0322265625,
        0.0458984375,
        0.00390625,
        -0.001953125,
        0.033935546875,
        0.00439453125,
        0.02734375,
        0.026123046875,
        -0.00146484375
      ],
      [
        0.00439453125,
        0.0367431640625,
        0.03662109375,
        -0.001953125,
        0.037109375,
        -0.0001220703125,
        -0.001953125,
        0.02099609375,
        0.04931640625,
        -0.00146484375,
        -0.00048828125,
        0.0244140625,
        -0.00048828125,
        0.026123046875,
        0.0166015625,
        -0.0009765625
      ],
      [
        0.0406494140625,
        0.007080078125,
        0.00244140625,
        0.0390625,
        0.0057373046875,
        0.033203125,
        0.03125,
        0.00732421875,
        -0.001220703125,
        0.029541015625,
        0.029296875,
        0.00244140625,
        0.035400390625,
        -0.00146484375,
        -0.0009765625,
        0.0185546875
      ]
    ],
    "noiseless_rho": [
      [
        0.1541835875737627,
        2.3986956995229322e-17,
        5.29646852621866e-17,
        0.0916058696121232,
        2.822727438189794e-17,
        0.07190391189089881,
        0.06826698305171526,
        -2.623986672580333e-17,
        5.090104680404473e-17,
        0.09129599227968065,
        0.09082695769855476,
        7.146363823324337e-18,
        0.08028206303184607,
        1.1036290918296977e-17,
        7.81649134220724e-17,
        0.04537379993594834
      ],
      [
        2.3986956995229322e-17,
        0.09199294914277785,
        0.09324527024387584,
        -1.3644099060969255e-17,
        0.0770332936281993,
        2.025256008088278e-17,
        -3.501241140095899e-17,
        0.04211875829203819,
        0.0850963325015043,
        1.3375679554074852e-17,
        1.595848102589945e-17,
        0.04871870997702902,
        7.46422888576576e-17,
        0.04564845540443217,
        0.045153868844472964,
        3.3836765937230063e-18
      ],
      [
        5.29646852621866e-17,
        0.09324527024387584,
        0.10008476220586654,
        2.778128881560565e-19,
        0.08025531838858825,
        3.9000108335096663e-17,
        -1.5029204352436615e-17,
        0.04204038941007269,
        0.0897438010131871,
        3.7404890390536995e-17,
        3.926971486805473e-17,
        0.0482616433466985,
        8.874293746234947e-17,
        0.04658748284820641,
        0.04790465848232078,
        8.497472744455434e-18
      ],
      [
        0.0916058696121232,
        -1.3644099060969255e-17,
        2.778128881560565e-19,
        0.05642668014431307,
        -4.8158223565427154e-18,
        0.042374121027097936,
        0.04113766860855983,
        -2.747259667701725e-17,
        3.137465509990011e-18,
        0.053498878956486785,
        0.055022118599355865,
        -1.1089253635683116e-17,
        0.048021685983332,
        -7.759268841557589e-18,
        3.107955093126402e-17,
        0.027742093057838747
      ],
      [
        2.822727438189794e-17,
        0.0770332936281993,
        0.08025531838858825,
        -4.8158223565427154e-18,
        0.07114528397642855,
        9.036355983558745e-18,
        -3.99497306703059e-17,
        0.037851102577476994,
        0.07320502006646125,
        -5.75389315153107e-18,
        2.625052730221369e-18,
        0.039995607110510555,
        5.5972521965533e-17,
        0.03881971075715791,
        0.04018169216008947,
        -1.2531620102721362e-18
      ],
      [
        0.07190391189089881,
        2.025256008088278e-17,
        3.9000108335096663e-17,
        0.042374121027097936,
        9.036355983558745e-18,
        0.05262405510856552,
        0.05003959182449095,
        -8.187964335074366e-18,
        3.14406126056492e-17,
        0.0578161384870317,
        0.05699568876033953,
        1.6308839880130363e-17,
        0.04158953775867361,
        1.3279494295708606e-17,
        3.296047049695719e-17,
        0.02296372381305189
      ],
      [
        0.06826698305171526,
        -3.501241140095899e-17,
        -1.5029204352436615e-17,
        0.04113766860855983,
        -3.99497306703059e-17,
        0.05003959182449095,
        0.05123829304572452,
        -3.6484816967891224e-17,
        -2.1692865817191932e-17,
        0.05511652345088413,
        0.05549158520022628,
        -1.501263121882848e-17,
        0.03912437561064754,
        -1.6502245821591733e-17,
        7.155077402506147e-18,
        0.023576018096838177
      ],
      [
        -2.623986672580333e-17,
        0.04211875829203819,
        0.04204038941007269,
        -2.747259667701725e-17,
        0.037851102577476994,
        -8.187964335074366e-18,
        -3.6484816967891224e-17,
        0.022065421772600072,
        0.03866683347699594,
        -2.0775588082640306e-17,
        -1.866333435286403e-17,
        0.022214271971297123,
        1.4132788302239824e-17,
        0.022100415056823447,
        0.020796892333635218,
        -9.241584844284224e-18
      ],
      [
        5.090104680404473e-17,
        0.0850963325015043,
        0.0897438010131871,
        3.137465509990011e-18,
        0.07320502006646125,
        3.14406126056492e-17,
        -2.1692865817191932e-17,
        0.03866683347699594,
        0.090416443264477,
        2.1272187406620626e-17,
        2.948216351365506e-17,
        0.049408375955417035,
        8.420318816899383e-17,
        0.04698725841245351,
        0.04735080037670309,
        7.382118762946495e-18
      ],
      [
        0.09129599227968065,
        1.3375679554074852e-17,
        3.7404890390536995e-17,
        0.053498878956486785,
        -5.75389315153107e-18,
        0.0578161384870317,
        0.05511652345088413,
        -2.0775588082640306e-17,
        2.1272187406620626e-17,
        0.07572546398467953,
        0.07347486911733571,
        1.1697839412376242e-17,
        0.05063147377982168,
        9.286756127507385e-18,
        2.7960072995557005e-17,
        0.02841845898733153
      ],
      [
        0.09082695769855476,
        1.595848102589945e-17,
        3.926971486805473e-17,
        0.055022118599355865,
        2.625052730221369e-18,
        0.05699568876033953,
        0.05549158520022628,
        -1.866333435286403e-17,
        2.948216351365506e-17,
        0.07347486911733571,
        0.07498676112558995,
        1.3830416131947127e-17,
        0.04963490259114361,
        1.2228248775948396e-17,
        3.571359607040902e-17,
        0.02809072038781194
      ],
      [
        7.146363823324337e-18,
        0.04871870997702902,
        0.0482616433466985,
        -1.1089253635683116e-17,
        0.039995607110510555,
        1.6308839880130363e-17,
        -1.501263121882848e-17,
        0.022214271971297123,
        0.049408375955417035,
        1.1697839412376242e-17,
        1.3830416131947127e-17,
        0.02949104906011483,
        4.2833087583832183e-17,
        0.02669793938457364,
        0.02606226096050637,
        2.167452252090499e-18
      ],
      [
        0.08028206303184607,
        7.46422888576576e-17,
        8.874293746234947e-17,
        0.048021685983332,
        5.5972521965533e-17,
        0.04158953775867361,
        0.03912437561064754,
        1.4132788302239824e-17,
        8.420318816899383e-17,
        0.05063147377982168,
        0.04963490259114361,
        4.2833087583832183e-17,
        0.05343121347319706,
        3.699845527711963e-17,
        6.470275462290192e-17,
        0.03036571788553826
      ],
      [
        1.1036290918296977e-17,
        0.04564845540443217,
        0.04658748284820641,
        -7.759268841557589e-18,
        0.03881971075715791,
        1.3279494295708606e-17,
        -1.6502245821591733e-17,
        0.022100415056823447,
        0.04698725841245351,
        9.286756127507385e-18,
        1.2228248775948396e-17,
        0.02669793938457364,
        3.699845527711963e-17,
        0.028016682407372928,
        0.02697409343927591,
        -3.50658550907425e-19
      ],
      [
        7.81649134220724e-17,
        0.045153868844472964,
        0.04790465848232078,
        3.107955093126402e-17,
        0.04018169216008947,
        3.296047049695719e-17,
        7.155077402506147e-18,
        0.020796892333635218,
        0.04735080037670309,
        2.7960072995557005e-17,
        3.571359607040902e-17,
        0.02606226096050637,
        6.470275462290192e-17,
        0.02697409343927591,
        0.028839658285340092,
        1.4670960872416737e-17
      ],
      [
        0.04537379993594834,
        3.3836765937230063e-18,
        8.497472744455434e-18,
        0.027742093057838747,
        -1.2531620102721362e-18,
        0.02296372381305189,
        0.023576018096838177,
        -9.241584844284224e-18,
        7.382118762946495e-18,
        0.02841845898733153,
        0.02809072038781194,
        2.167452252090499e-18,
        0.03036571788553826,
        -3.50658550907425e-19,
        1.4670960872416737e-17,
        0.01933169542918867
      ]
    ],
    "sigma": [
      0.01392505787037037,
      0.011260609567901234,
      0.001458815586419753,
      0.0016878858024691357,
      0.005557966820987655,
      0.0060281635802469135,
      0.00021701388888888888,
      3.616898148148148e-05,
      0.002507716049382716,
      0.4864607445987654,
      0.0035083912037037037,
      0.004786361882716049,
      0.02711467978395062,
      0.4352213541666667,
      1.2056327160493826e-05,
      0.00021701388888888888
    ],
    "noiseless_sigma": [
      0.013462244862150669,
      0.002267510222091964,
      0.005392827890538795,
      0.028948323847579685,
      0.0016362548560238802,
      0.0034293460285380562,
      0.00026520640805406594,
      5.265814693276838e-06,
      0.012296494738578714,
      0.48377965587617455,
      0.005963320351922731,
      0.4353584183586653,
      0.0019196313101371696,
      0.005040199318902665,
      5.5278915483295164e-05,
      0.00018002120046416167
    ],
    "eigenvalues": [
      1.2056327160493826e-05,
      3.616898148148148e-05,
      0.00021701388888888888,
      0.00021701388888888888,
      0.001458815586419753,
      0.0016878858024691357,
      0.002507716049382716,
      0.0035083912037037037,
      0.004786361882716049,
      0.005557966820987655,
      0.0060281635802469135,
      0.011260609567901234,
      0.01392505787037037,
      0.02711467978395062,
      0.4352213541666667,
      0.4864607445987654
    ],
    "noiseless_eigenvalues": [
      5.265814693276838e-06,
      5.5278915483295164e-05,
      0.00018002120046416167,
      0.00026520640805406594,
      0.0016362548560238802,
      0.0019196313101371696,
      0.002267510222091964,
      0.0034293460285380562,
      0.005040199318902665,
      0.005392827890538795,
      0.005963320351922731,
      0.012296494738578714,
      0.013462244862150669,
      0.028948323847579685,
      0.4353584183586653,
      0.48377965587617455
    ],
    "hamiltonian_eigenvalues": [
      -4.028654015784045,
      -3.9730032922154166,
      -2.5851135466419386,
      -2.2519208821402277,
      -2.145731289776702,
      -1.8332971198733765,
      -1.7926920921606047,
      -1.7179612110058757,
      -1.5626547042480268,
      -1.3947621105129393,
      -1.1968142819669327,
      -1.123888343460651,
      -0.17117894961036306,
      -0.17117894961036306,
      0.7247007850036651,
      1.2740069293377196
    ],
    "noiseless_hamiltonian_eigenvalues": [
      -4.02589068460804,
      -3.9731607323460705,
      -2.6178320633866896,
      -2.235020456586777,
      -2.189733031887321,
      -1.8278896272964635,
      -1.7776108624841864,
      -1.7437987256584688,
      -1.5512607016900035,
      -1.344417116850189,
      -1.2611424821222172,
      -1.1812809143140646,
      -0.2714524823758797,
      -0.07773558397164049,
      0.5126059478549205,
      1.6881837925940264
    ]
  },
  "exact_result": {
    "hamiltonian_matrix": [
      [
        [
          -2.0,
          0.0
        ],
        [
          0.0,
          0.0
        ],
        [
          0.0,
          0.0
        ],
        [
          -1.0,
          0.0
        ],
        [
          0.0,
          0.0
        ],
        [
          0.0,
          0.0
        ],
        [
          -1.0,
          0.0
        ],
        [
          0.0,
          0.0
        ],
        [
          0.0,
          0.0
        ],
        [
          -1.0,
          0.0
        ],
        [
          0.0,
          0.0
        ],
        [
          0.0,
          0.0
        ],
        [
          -1.0,
          0.0
        ],
        [
          0.0,
          0.0
        ],
        [
          0.0,
          0.0
        ],
        [
          0.0,
          0.0
        ]
      ],
      [
        [
          0.0,
          0.0
        ],
        [
          -1.0,
          0.0
        ],
        [
          -1.0,
          0.0
        ],
        [
          0.0,
          0.0
        ],
        [
          0.0,
          0.0
        ],
        [
          0.0,
          0.0
        ],
        [
          0.0,
          0.0
        ],
        [
          -1.0,
          0.0
        ],
        [
          -1.0,
          0.0
        ],
        [
          0.0,
          0.0
        ],
        [
          0.0,
          0.0
        ],
        [
          0.0,
          0.0
        ],
        [
          0.0,
          0.0
        ],
        [
          -1.0,
          0.0
        ],
        [
          0.0,
          0.0
        ],
        [
          0.0,
          0.0
        ]
      ],
      [
        [
          0.0,
          0.0
        ],
        [
          -1.0,
          0.0
        ],
        [
          -1.0,
          0.0
        ],
        [
          0.0,
          0.0
        ],
        [
          -1.0,
          0.0
        ],
        [
          0.0,
          0.0
        ],
        [
          0.0,
          0.0
        ],
        [
          0.0,
          0.0
        ],
        [
          0.0,
          0.0
        ],
        [
          0.0,
          0.0
        ],
        [
          0.0,
          0.0
        ],
        [
          -1.0,
          0.0
        ],
        [
          0.0,
          0.0
        ],
        [
          0.0,
          0.0
        ],
        [
          -1.0,
          0.0
        ],
        [
          0.0,
          0.0
        ]
      ],
      [
        [
          -1.0,
          0.0
        ],
        [
          0.0,
          0.0
        ],
        [
          0.0,
          0.0
        ],
        [
          0.0,
          0.0
        ],
        [
          0.0,
          0.0
        ],
        [
          -1.0,
          0.0
        ],
        [
          0.0,
          0.0
        ],
        [
          0.0,
          0.0
        ],
        [
          0.0,
          0.0
        ],
        [
          0.0,
          0.0
        ],
        [
          -1.0,
          0.0
        ],
        [
          0.0,
          0.0
        ],
        [
          0.0,
          0.0
        ],
        [
          0.0,
          0.0
        ],
        [
          0.0,
          0.0
        ],
        [
          -1.0,
          0.0
        ]
      ],
      [
        [
          0.0,
          0.0
        ],
        [
          0.0,
          0.0
        ],
        [
          -1.0,
          0.0
        ],
        [
          0.0,
          0.0
        ],
        [
          -1.0,
          0.0
        ],
        [
          0.0,
          0.0
        ],
        [
          0.0,
          0.0
        ],
        [
          -1.0,
          0.0
        ],
        [
          -1.0,
          0.0
        ],
        [
          0.0,
          0.0
        ],
        [
          0.0,
          0.0
        ],
        [
          0.0,
          0.0
        ],
        [
          0.0,
          0.0
        ],
        [
          -1.0,
          0.0
        ],
        [
          0.0,
          0.0
        ],
        [
          0.0,
          0.0
        ]
      ],
      [
        [
          0.0,
          0.0
        ],
        [
          0.0,
          0.0
        ],
        [
          0.0,
          0.0
        ],
        [
          -1.0,
          0.0
        ],
        [
          0.0,
          0.0
        ],
        [
          0.0,
          0.0
        ],
        [
          -1.0,
          0.0
        ],
        [
          0.0,
          0.0
        ],
        [
          0.0,
          0.0
        ],
        [
          -1.0,
          0.0
        ],
        [
          0.0,
          0.0
        ],
        [
          0.0,
          0.0
        ],
        [
          -1.0,
          0.0
        ],
        [
          0.0,
          0.0
        ],
        [
          0.0,
          0.0
        ],
        [
          0.0,
          0.0
        ]
      ],
      [
        [
          -1.0,
          0.0
        ],
        [
          0.0,
          0.0
        ],
        [
          0.0,
          0.0
        ],
        [
          0.0,
          0.0
        ],
        [
          0.0,
          0.0
        ],
        [
          -1.0,
          0.0
        ],
        [
          0.0,
          0.0
        ],
        [
          0.0,
          0.0
        ],
        [
          0.0,
          0.0
        ],
        [
          0.0,
          0.0
        ],
        [
          -1.0,
          0.0
        ],
        [
          0.0,
          0.0
        ],
        [
          0.0,
          0.0
        ],
        [
          0.0,
          0.0
        ],
        [
          0.0,
          0.0
        ],
        [
          -1.0,
          0.0
        ]
      ],
      [
        [
          0.0,
          0.0
        ],
        [
          -1.0,
          0.0
        ],
        [
          0.0,
          0.0
        ],
        [
          0.0,
          0.0
        ],
        [
          -1.0,
          0.0
        ],
        [
          0.0,
          0.0
        ],
        [
          0.0,
          0.0
        ],
        [
          1.0,
          0.0
        ],
        [
          0.0,
          0.0
        ],
        [
          0.0,
          0.0
        ],
        [
          0.0,
          0.0
        ],
        [
          -1.0,
          0.0
        ],
        [
          0.0,
          0.0
        ],
        [
          0.0,
          0.0
        ],
        [
          -1.0,
          0.0
        ],
        [
          0.0,
          0.0
        ]
      ],
      [
        [
          0.0,
          0.0
        ],
        [
          -1.0,
          0.0
        ],
        [
          0.0,
          0.0
        ],
        [
          0.0,
          0.0
        ],
        [
          -1.0,
          0.0
        ],
        [
          0.0,
          0.0
        ],
        [
          0.0,
          0.0
        ],
        [
          0.0,
          0.0
        ],
        [
          -1.0,
          0.0
        ],
        [
          0.0,
          0.0
        ],
        [
          0.0,
          0.0
        ],
        [
          -1.0,
          0.0
        ],
        [
          0.0,
          0.0
        ],
        [
          0.0,
          0.0
        ],
        [
          -1.0,
          0.0
        ],
        [
          0.0,
          0.0
        ]
      ],
      [
        [
          -1.0,
          0.0
        ],
        [
          0.0,
          0.0
        ],
        [
          0.0,
          0.0
        ],
        [
          0.0,
          0.0
        ],
        [
          0.0,
          0.0
        ],
        [
          -1.0,
          0.0
        ],
        [
          0.0,
          0.0
        ],
        [
          0.0,
          0.0
        ],
        [
          0.0,
          0.0
        ],
        [
          0.0,
          0.0
        ],
        [
          -1.0,
          0.0
        ],
        [
          0.0,
          0.0
        ],
        [
          0.0,
          0.0
        ],
        [
          0.0,
          0.0
        ],
        [
          0.0,
          0.0
        ],
        [
          -1.0,
          0.0
        ]
      ],
      [
        [
          0.0,
          0.0
        ],
        [
          0.0,
          0.0
        ],
        [
          0.0,
          0.0
        ],
        [
          -1.0,
          0.0
        ],
        [
          0.0,
          0.0
        ],
        [
          0.0,
          0.0
        ],
        [
          -1.0,
          0.0
        ],
        [
          0.0,
          0.0
        ],
        [
          0.0,
          0.0
        ],
        [
          -1.0,
          0.0
        ],
        [
          0.0,
          0.0
        ],
        [
          0.0,
          0.0
        ],
        [
          -1.0,
          0.0
        ],
        [
          0.0,
          0.0
        ],
        [
          0.0,
          0.0
        ],
        [
          0.0,
          0.0
        ]
      ],
      [
        [
          0.0,
          0.0
        ],
        [
          0.0,
          0.0
        ],
        [
          -1.0,
          0.0
        ],
        [
          0.0,
          0.0
        ],
        [
          0.0,
          0.0
        ],
        [
          0.0,
          0.0
        ],
        [
          0.0,
          0.0
        ],
        [
          -1.0,
          0.0
        ],
        [
          -1.0,
          0.0
        ],
        [
          0.0,
          0.0
        ],
        [
          0.0,
          0.0
        ],
        [
          1.0,
          0.0
        ],
        [
          0.0,
          0.0
        ],
        [
          -1.0,
          0.0
        ],
        [
          0.0,
          0.0
        ],
        [
          0.0,
          0.0
        ]
      ],
      [
        [
          -1.0,
          0.0
        ],
        [
          0.0,
          0.0
        ],
        [
          0.0,
          0.0
        ],
        [
          0.0,
          0.0
        ],
        [
          0.0,
          0.0
        ],
        [
          -1.0,
          0.0
        ],
        [
          0.0,
          0.0
        ],
        [
          0.0,
          0.0
        ],
        [
          0.0,
          0.0
        ],
        [
          0.0,
          0.0
        ],
        [
          -1.0,
          0.0
        ],
        [
          0.0,
          0.0
        ],
        [
          0.0,
          0.0
        ],
        [
          0.0,
          0.0
        ],
        [
          0.0,
          0.0
        ],
        [
          -1.0,
          0.0
        ]
      ],
      [
        [
          0.0,
          0.0
        ],
        [
          -1.0,
          0.0
        ],
        [
          0.0,
          0.0
        ],
        [
          0.0,
          0.0
        ],
        [
          -1.0,
          0.0
        ],
        [
          0.0,
          0.0
        ],
        [
          0.0,
          0.0
        ],
        [
          0.0,
          0.0
        ],
        [
          0.0,
          0.0
        ],
        [
          0.0,
          0.0
        ],
        [
          0.0,
          0.0
        ],
        [
          -1.0,
          0.0
        ],
        [
          0.0,
          0.0
        ],
        [
          1.0,
          0.0
        ],
        [
          -1.0,
          0.0
        ],
        [
          0.0,
          0.0
        ]
      ],
      [
        [
          0.0,
          0.0
        ],
        [
          0.0,
          0.0
        ],
        [
          -1.0,
          0.0
        ],
        [
          0.0,
          0.0
        ],
        [
          0.0,
          0.0
        ],
        [
          0.0,
          0.0
        ],
        [
          0.0,
          0.0
        ],
        [
          -1.0,
          0.0
        ],
        [
          -1.0,
          0.0
        ],
        [
          0.0,
          0.0
        ],
        [
          0.0,
          0.0
        ],
        [
          0.0,
          0.0
        ],
        [
          0.0,
          0.0
        ],
        [
          -1.0,
          0.0
        ],
        [
          1.0,
          0.0
        ],
        [
          0.0,
          0.0
        ]
      ],
      [
        [
          0.0,
          0.0
        ],
        [
          0.0,
          0.0
        ],
        [
          0.0,
          0.0
        ],
        [
          -1.0,
          0.0
        ],
        [
          0.0,
          0.0
        ],
        [
          0.0,
          0.0
        ],
        [
          -1.0,
          0.0
        ],
        [
          0.0,
          0.0
        ],
        [
          0.0,
          0.0
        ],
        [
          -1.0,
          0.0
        ],
        [
          0.0,
          0.0
        ],
        [
          0.0,
          0.0
        ],
        [
          -1.0,
          0.0
        ],
        [
          0.0,
          0.0
        ],
        [
          0.0,
          0.0
        ],
        [
          2.0,
          0.0
        ]
      ]
    ],
    "gibbs_state": [
      [
        0.17357290183492738,
        0.0,
        0.0,
        0.09794531267232608,
        0.0,
        0.09142068696950713,
        0.09794531267232608,
        0.0,
        0.0,
        0.09794531267232608,
        0.09142068696950713,
        0.0,
        0.09794531267232608,
        0.0,
        0.0,
        0.06238777152715543
      ],
      [
        0.0,
        0.08733578066231984,
        0.0869060139504875,
        0.0,
        0.08659290125099811,
        0.0,
        0.0,
        0.05373722723575035,
        0.0869060139504875,
        0.0,
        0.0,
        0.053701185663421525,
        0.0,
        0.05373722723575035,
        0.053701185663421525,
        0.0
      ],
      [
        0.0,
        0.08690601395048747,
        0.08733578066231987,
        0.0,
        0.0869060139504875,
        0.0,
        0.0,
        0.05370118566342153,
        0.08659290125099812,
        0.0,
        0.0,
        0.053737227235750355,
        0.0,
        0.05370118566342151,
        0.053737227235750355,
        0.0
      ],
      [
        0.0979453126723261,
        0.0,
        0.0,
        0.05580325883576766,
        0.0,
        0.05223496918757254,
        0.05570272104022578,
        0.0,
        0.0,
        0.05570272104022577,
        0.05223496918757253,
        0.0,
        0.05570272104022577,
        0.0,
        0.0,
        0.035557541145170644
      ],
      [
        0.0,
        0.08659290125099808,
        0.08690601395048747,
        0.0,
        0.08733578066231985,
        0.0,
        0.0,
        0.05373722723575035,
        0.0869060139504875,
        0.0,
        0.0,
        0.053701185663421525,
        0.0,
        0.05373722723575035,
        0.053701185663421525,
        0.0
      ],
      [
        0.09142068696950717,
        0.0,
        0.0,
        0.05223496918757254,
        0.0,
        0.04911820834883797,
        0.05223496918757253,
        0.0,
        0.0,
        0.05223496918757253,
        0.04901767055329609,
        0.0,
        0.05223496918757253,
        0.0,
        0.0,
        0.03335485608480376
      ],
      [
        0.0979453126723261,
        0.0,
        0.0,
        0.05570272104022578,
        0.0,
        0.05223496918757253,
        0.055803258835767644,
        0.0,
        0.0,
        0.05570272104022577,
        0.05223496918757253,
        0.0,
        0.05570272104022577,
        0.0,
        0.0,
        0.03555754114517064
      ],
      [
        0.0,
        0.05373722723575035,
        0.05370118566342151,
        0.0,
        0.053737227235750355,
        0.0,
        0.0,
        0.03323391687642648,
        0.053701185663421525,
        0.0,
        0.0,
        0.033204828287065995,
        0.0,
        0.03322031056539082,
        0.033204828287065995,
        0.0
      ],
      [
        0.0,
        0.08690601395048746,
        0.0865929012509981,
        0.0,
        0.08690601395048748,
        0.0,
        0.0,
        0.053701185663421525,
        0.08733578066231987,
        0.0,
        0.0,
        0.05373722723575035,
        0.0,
        0.0537011856634215,
        0.05373722723575035,
        0.0
      ],
      [
        0.09794531267232613,
        0.0,
        0.0,
        0.05570272104022579,
        0.0,
        0.05223496918757254,
        0.05570272104022579,
        0.0,
        0.0,
        0.05580325883576767,
        0.05223496918757254,
        0.0,
        0.05570272104022578,
        0.0,
        0.0,
        0.035557541145170644
      ],
      [
        0.09142068696950714,
        0.0,
        0.0,
        0.05223496918757253,
        0.0,
        0.04901767055329609,
        0.05223496918757253,
        0.0,
        0.0,
        0.05223496918757252,
        0.04911820834883796,
        0.0,
        0.05223496918757252,
        0.0,
        0.0,
        0.033354856084803756
      ],
      [
        0.0,
        0.0537011856634215,
        0.05373722723575035,
        0.0,
        0.05370118566342151,
        0.0,
        0.0,
        0.03320482828706599,
        0.05373722723575035,
        0.0,
        0.0,
        0.033233916876426475,
        0.0,
        0.03320482828706599,
        0.033220310565390834,
        0.0
      ],
      [
        0.0979453126723261,
        0.0,
        0.0,
        0.05570272104022578,
        0.0,
        0.05223496918757253,
        0.05570272104022577,
        0.0,
        0.0,
        0.05570272104022577,
        0.05223496918757253,
        0.0,
        0.055803258835767644,
        0.0,
        0.0,
        0.03555754114517064
      ],
      [
        0.0,
        0.053737227235750334,
        0.0537011856634215,
        0.0,
        0.05373722723575035,
        0.0,
        0.0,
        0.03322031056539082,
        0.05370118566342151,
        0.0,
        0.0,
        0.03320482828706599,
        0.0,
        0.03323391687642646,
        0.03320482828706599,
        0.0
      ],
      [
        0.0,
        0.05370118566342151,
        0.05373722723575035,
        0.0,
        0.053701185663421525,
        0.0,
        0.0,
        0.03320482828706599,
        0.05373722723575035,
        0.0,
        0.0,
        0.033220310565390834,
        0.0,
        0.03320482828706599,
        0.033233916876426475,
        0.0
      ],
      [
        0.06238777152715549,
        0.0,
        0.0,
        0.03555754114517065,
        0.0,
        0.03335485608480378,
        0.03555754114517065,
        0.0,
        0.0,
        0.035557541145170644,
        0.03335485608480378,
        0.0,
        0.035557541145170644,
        0.0,
        0.0,
        0.0226988559693407
      ]
    ],
    "energy": -4.242620258088315,
    "entropy": 0.7197363099434507,
    "cost": -4.6024884130600405,
    "eigenvalues": [
      1.959299676100258e-08,
      2.103427091549183e-08,
      7.112970471463039e-06,
      1.360631103564315e-05,
      1.3606311035651196e-05,
      6.270227788257242e-05,
      0.00010053779554185794,
      0.00010053779554186776,
      0.0001005377955418726,
      0.00010053779554189845,
      0.00016120384575741463,
      0.000742879411321716,
      0.0007428794113217681,
      0.0014210446075881035,
      0.4805418915523597,
      0.515890881491791
    ],
    "hamiltonian_eigenvalues": [
      -4.271558410139714,
      -4.23606797749979,
      -1.3243068937239126,
      -1.0000000000000004,
      -1.0,
      -0.23606797749978978,
      -5.004354428574223e-16,
      -8.53653240412687e-17,
      4.944816257507461e-17,
      2.0024993085310826e-16,
      0.23606797749978953,
      0.9999999999999996,
      1.0000000000000004,
      1.324306893723913,
      4.23606797749979,
      4.271558410139717
    ]
  },
  "metrics": {
    "exact_purity": 0.49706710502102047,
    "calculated_fidelity": 0.918123958383883,
    "calculated_trace_distance": 0.08547740733819363,
    "calculated_relative_entropy": 0.11830904152270275,
    "calculated_purity": 0.4116511344909668,
    "noiseless_fidelity": 0.9187276263859178,
    "noiseless_trace_distance": 0.05842206645793607,
    "noiseless_relative_entropy": 0.12852540314653682,
    "noiseless_purity": 0.4114156274026898
  }
}
