{
  "n": 4,
  "J": 1.0,
  "h": 0.5,
  "beta": 5.0,
  "calculated_result": {
    "n": 4,
    "J": 1.0,
    "h": 0.5,
    "beta": 5.0,
    "params": [
      1.066557890199457,
      4.8886958439269526,
      3.199392540430151,
      4.672987516962663,
      2.2931283211354847,
      4.634252241568319,
      0.5428019976944679,
      3.4091053527586435,
      2.868256444081657,
      5.529935127161449,
      5.323458564422582,
      3.7536235177597685,
      2.82565024701124,
      5.530278729517019,
      3.4835351798083103,
      -0.5909887934399604,
      5.1844892362366455,
      2.178748119449111,
      0.006095632004611407,
      6.6725816100955875,
      7.624998331816416,
      2.8741801184644875,
      0.8923132993547549,
      6.315296293886191,
      5.578229529945374,
      -0.6834495056244153,
      2.125257736526459,
      7.393971911372742,
      1.9977807983558395,
      5.333797638046424,
      4.400879467672869,
      3.457928055105592,
      6.130205876485232,
      6.45022065554106,
      4.417428787396485,
      2.1682602679243788,
      5.129058958747232,
      4.515717466331113,
      2.746837925588691,
      4.1468949518057405,
      4.945504957614725,
      3.0976887674024116,
      1.6732203329124176,
      5.0394620241163555
    ],
    "cost": -4.176453508367046,
    "energy": -3.98828125,
    "entropy": 0.940861291835228,
    "rho": [
      [
        0.205078125,
        -0.0029296875,
        -0.01025390625,
        0.10400390625,
        0.0078125,
        0.095947265625,
        0.120849609375,
        -0.00830078125,
        0.009765625,
        0.1123046875,
        0.13818359375,
        -0.0087890625,
        0.11181640625,
        0.0048828125,
        -0.000244140625,
        0.062744140625
      ],
      [
        -0.0029296875,
        0.0771484375,
        0.06689453125,
        -0.00439453125,
        0.062255859375,
        0.00048828125,
        -0.001220703125,
        0.044677734375,
        0.06689453125,
        0.0029296875,
        0.00146484375,
        0.041015625,
        -0.005859375,
        0.037109375,
        0.031494140625,
        -0.000244140625
      ],
      [
        -0.01025390625,
        0.06689453125,
        0.0673828125,
        -0.0078125,
        0.055419921875,
        -0.0009765625,
        0.00146484375,
        0.044677734375,
        0.05810546875,
        -0.002197265625,
        0.00439453125,
        0.048828125,
        -0.007568359375,
        0.041259765625,
        0.03076171875,
        0.013427734375
      ],
      [
        0.10400390625,
        -0.00439453125,
        -0.0078125,
        0.0703125,
        -0.001220703125,
        0.051513671875,
        0.061767578125,
        0.0029296875,
        -0.001220703125,
        0.05810546875,
        0.068359375,
        0.00244140625,
        0.054931640625,
        0.001220703125,
        -0.004638671875,
        0.03662109375
      ],
      [
        0.0078125,
        0.062255859375,
        0.055419921875,
        -0.001220703125,
        0.046875,
        -0.0048828125,
        -0.005859375,
        0.041015625,
        0.05859375,
        0.0,
        -0.006103515625,
        0.03857421875,
        -0.00244140625,
        0.03173828125,
        0.0302734375,
        -0.001220703125
      ],
      [
        0.095947265625,
        0.00048828125,
        -0.0009765625,
        0.051513671875,
        -0.0048828125,
        0.07421875,
        0.0556640625,
        0.0009765625,
        -0.0029296875,
        0.06787109375,
        0.0654296875,
        -0.000244140625,
        0.0537109375,
        -0.00341796875,
        0.002197265625,
        0.0283203125
      ],
      [
        0.120849609375,
        -0.001220703125,
        0.00146484375,
        0.061767578125,
        -0.005859375,
        0.0556640625,
        0.0751953125,
        -0.0009765625,
        -0.005615234375,
        0.06689453125,
        0.076171875,
        -0.002197265625,
        0.056640625,
        -0.0009765625,
        0.0,
        0.0361328125
      ],
      [
        -0.00830078125,
        0.044677734375,
        0.044677734375,
        0.0029296875,
        0.041015625,
        0.0009765625,
        -0.0009765625,
        0.0263671875,
        0.0390625,
        -0.000732421875,
        -0.003662109375,
        0.029296875,
        0.001953125,
        0.02490234375,
        0.0244140625,
        -0.0068359375
      ],
      [
        0.009765625,
        0.06689453125,
        0.05810546875,
        -0.001220703125,
        0.05859375,
        -0.0029296875,
        -0.005615234375,
        0.0390625,
        0.046875,
        -0.00146484375,
        -0.00341796875,
        0.037841796875,
        -0.00537109375,
        0.028564453125,
        0.025146484375,
        0.001953125
      ],
      [
        0.1123046875,
        0.0029296875,
        -0.002197265625,
        0.05810546875,
        0.0,
        0.06787109375,
        0.06689453125,
        -0.000732421875,
        -0.00146484375,
        0.0634765625,
        0.062744140625,
        -0.0029296875,
        0.054443359375,
        -0.0078125,
        0.001220703125,
        0.037841796875
      ],
      [
        0.13818359375,
        0.00146484375,
        0.00439453125,
        0.068359375,
        -0.006103515625,
        0.0654296875,
        0.076171875,
        -0.003662109375,
        -0.00341796875,
        0.062744140625,
        0.080078125,
        0.01171875,
        0.063232421875,
        0.0009765625,
        -0.0009765625,
        0.031982421875
      ],
      [
        -0.0087890625,
        0.041015625,
        0.048828125,
        0.00244140625,
        0.03857421875,
        -0.000244140625,
        -0.002197265625,
        0.029296875,
        0.037841796875,
        -0.0029296875,
        0.01171875,
        0.0224609375,
        0.000732421875,
        0.021240234375,
        0.027587890625,
        -0.00537109375
      ],
      [
        0.11181640625,
        -0.005859375,
        -0.007568359375,
        0.054931640625,
        -0.00244140625,
        0.0537109375,
        0.056640625,
        0.001953125,
        -0.00537109375,
        0.054443359375,
        0.063232421875,
        0.000732421875,
        0.0810546875,
        0.00048828125,
        0.0,
        0.036376953125
      ],
      [
        0.0048828125,
        0.037109375,
        0.041259765625,
        0.001220703125,
        0.03173828125,
        -0.00341796875,
        -0.0009765625,
        0.02490234375,
        0.028564453125,
        -0.0078125,
        0.0009765625,
        0.021240234375,
        0.00048828125,
        0.0205078125,
        0.025146484375,
        -0.00244140625
      ],
      [
        -0.000244140625,
        0.031494140625,
        0.03076171875,
        -0.004638671875,
        0.0302734375,
        0.002197265625,
        0.0,
        0.0244140625,
        0.025146484375,
        0.001220703125,
        -0.0009765625,
        0.027587890625,
        0.0,
        0.025146484375,
        0.0146484375,
        -0.0048828125
      ],
      [
        0.062744140625,
        -0.000244140625,
        0.013427734375,
        0.03662109375,
        -0.001220703125,
        0.0283203125,
        0.0361328125,
        -0.0068359375,
        0.001953125,
        0.037841796875,
        0.031982421875,
        -0.00537109375,
        0.036376953125,
        -0.00244140625,
        -0.0048828125,
        0.0283203125
      ]
    ],
    "noiseless_rho": [
      [
        0.21660035739052452,
        3.611572595646766e-17,
        -9.796331832567416e-17,
        0.11870284658556958,
        -1.421709995027225e-17,
        0.12681621623406458,
        0.11886248204586007,
        -8.970739215101551e-17,
        2.424821419468928e-17,
        0.11319286190266781,
        0.10079888501815927,
        1.215798633451285e-17,
        0.10782895226514809,
        6.734705448002781e-17,
        4.954702197222359e-17,
        0.06266022565478074
      ],
      [
        3.611572595646766e-17,
        0.058203533721054246,
        0.05167704004310188,
        5.4109550170378436e-18,
        0.05721573852352559,
        1.7985916731976047e-17,
        9.602780532913647e-18,
        0.03143947178980645,
        0.06507506191020733,
        -2.6421643353615825e-17,
        2.2504571203338488e-17,
        0.035172259536105116,
        2.3532486308988343e-17,
        0.0379911517655689,
        0.036104326620162185,
        -1.545351589690487e-17
      ],
      [
        -9.796331832567416e-17,
        0.05167704004310188,
        0.05143636992312262,
        -7.044297293461722e-17,
        0.0538065287476904,
        -6.799426724983079e-17,
        -6.474110029094588e-17,
        0.029518628929828723,
        0.06235507267717045,
        -9.560299215019097e-17,
        -4.54327526465805e-17,
        0.03176045078105335,
        -5.147313148900379e-17,
        0.03455683134630832,
        0.03505209350248147,
        -5.0867183211760435e-17
      ],
      [
        0.11870284658556958,
        5.4109550170378436e-18,
        -7.044297293461722e-17,
        0.0674506122311244,
        -2.4306469102638992e-17,
        0.06973820668372341,
        0.06471272184321665,
        -5.513885098741786e-17,
        -7.67774297038473e-18,
        0.060940853847106624,
        0.05611111267903179,
        -1.1816258959147112e-18,
        0.05942836237260335,
        2.67258459684816e-17,
        1.6087444657358636e-17,
        0.03414110482299266
      ],
      [
        -1.421709995027225e-17,
        0.05721573852352559,
        0.0538065287476904,
        -2.4306469102638992e-17,
        0.060890332621646066,
        -1.9562048854145702e-17,
        -1.9949117400076254e-17,
        0.03176546403085529,
        0.06798260605880473,
        -5.662386206084255e-17,
        -6.171591795794634e-18,
        0.03491636895380898,
        -7.659990366907733e-18,
        0.03815505467418074,
        0.038227626972648636,
        -2.8816993476595834e-17
      ],
      [
        0.12681621623406458,
        1.7985916731976047e-17,
        -6.799426724983079e-17,
        0.06973820668372341,
        -1.9562048854145702e-17,
        0.08104911989012016,
        0.07496988977834164,
        -5.908194412397219e-17,
        1.9672242859203894e-19,
        0.0674577920145088,
        0.061640650585502305,
        6.4633779514010874e-18,
        0.06611370667957685,
        3.6629769058653004e-17,
        1.8042917828910822e-17,
        0.03714381901274316
      ],
      [
        0.11886248204586007,
        9.602780532913647e-18,
        -6.474110029094588e-17,
        0.06471272184321665,
        -1.9949117400076254e-17,
        0.07496988977834164,
        0.07272738344150308,
        -6.206440619385064e-17,
        2.0945557322528996e-18,
        0.06414312404969875,
        0.05770382276336388,
        -1.998596034317349e-19,
        0.06151765017876496,
        3.0276048256322426e-17,
        1.916004226005284e-17,
        0.03641561035823608
      ],
      [
        -8.970739215101551e-17,
        0.03143947178980645,
        0.029518628929828723,
        -5.513885098741786e-17,
        0.03176546403085529,
        -5.908194412397219e-17,
        -6.206440619385064e-17,
        0.020237088641971268,
        0.0364555314615567,
        -8.01977379030325e-17,
        -5.0100069125354955e-17,
        0.020007833207828455,
        -5.2075801350696096e-17,
        0.021601320675899142,
        0.020238331476246024,
        -4.360518405823268e-17
      ],
      [
        2.424821419468928e-17,
        0.06507506191020733,
        0.06235507267717045,
        -7.67774297038473e-18,
        0.06798260605880473,
        1.9672242859203894e-19,
        2.0945557322528996e-18,
        0.0364555314615567,
        0.07862156972634596,
        -4.0272054775412926e-17,
        1.4781024749952528e-17,
        0.03970772678140082,
        9.636351111175828e-18,
        0.04357242851958257,
        0.042730949873155274,
        -1.9321978992220323e-17
      ],
      [
        0.11319286190266781,
        -2.6421643353615825e-17,
        -9.560299215019097e-17,
        0.060940853847106624,
        -5.662386206084255e-17,
        0.0674577920145088,
        0.06414312404969875,
        -8.01977379030325e-17,
        -4.0272054775412926e-17,
        0.06827811468164124,
        0.061604877959513867,
        -1.8619837097166625e-17,
        0.061859200145893696,
        1.0469508464147139e-17,
        -9.372892696218351e-18,
        0.03541156840689994
      ],
      [
        0.10079888501815927,
        2.2504571203338488e-17,
        -4.54327526465805e-17,
        0.05611111267903179,
        -6.171591795794634e-18,
        0.061640650585502305,
        0.05770382276336388,
        -5.0100069125354955e-17,
        1.4781024749952528e-17,
        0.061604877959513867,
        0.05957927034178615,
        1.3333378340483038e-17,
        0.05698350304145294,
        4.3286692373453763e-17,
        1.457471922811968e-17,
        0.030912960221118866
      ],
      [
        1.215798633451285e-17,
        0.035172259536105116,
        0.03176045078105335,
        -1.1816258959147112e-18,
        0.03491636895380898,
        6.4633779514010874e-18,
        -1.998596034317349e-19,
        0.020007833207828455,
        0.03970772678140082,
        -1.8619837097166625e-17,
        1.3333378340483038e-17,
        0.023058357707674813,
        1.2857055036310067e-17,
        0.02227804923228707,
        0.02267086456374344,
        -1.2585949986194192e-17
      ],
      [
        0.10782895226514809,
        2.3532486308988343e-17,
        -5.147313148900379e-17,
        0.05942836237260335,
        -7.659990366907733e-18,
        0.06611370667957685,
        0.06151765017876496,
        -5.2075801350696096e-17,
        9.636351111175828e-18,
        0.061859200145893696,
        0.05698350304145294,
        1.2857055036310067e-17,
        0.06645354324975385,
        4.1356905713404416e-17,
        1.793375225998371e-17,
        0.03701780486283801
      ],
      [
        6.734705448002781e-17,
        0.0379911517655689,
        0.03455683134630832,
        2.67258459684816e-17,
        0.03815505467418074,
        3.6629769058653004e-17,
        3.0276048256322426e-17,
        0.021601320675899142,
        0.04357242851958257,
        1.0469508464147139e-17,
        4.3286692373453763e-17,
        0.02227804923228707,
        4.1356905713404416e-17,
        0.026614211660395962,
        0.024002115232605297,
        3.696187144811938e-18
      ],
      [
        4.954702197222359e-17,
        0.036104326620162185,
        0.03505209350248147,
        1.6087444657358636e-17,
        0.038227626972648636,
        1.8042917828910822e-17,
        1.916004226005284e-17,
        0.020238331476246024,
        0.042730949873155274,
        -9.372892696218351e-18,
        1.457471922811968e-17,
        0.02267086456374344,
        1.793375225998371e-17,
        0.024002115232605297,
        0.026127826646886006,
        7.087074510088696e-20
      ],
      [
        0.06266022565478074,
        -1.545351589690487e-17,
        -5.0867183211760435e-17,
        0.03414110482299266,
        -2.8816993476595834e-17,
        0.03714381901274316,
        0.03641561035823608,
        -4.360518405823268e-17,
        -1.9321978992220323e-17,
        0.03541156840689994,
        0.030912960221118866,
        -1.2585949986194192e-17,
        0.03701780486283801,
        3.696187144811938e-18,
        7.087074510088696e-20,
        0.02267230812444844
      ]
    ],
    "sigma": [
      0.009415991512345678,
      0.0004099151234567901,
      0.0029538001543209878,
      0.004557291666666667,
      0.0019048996913580247,
      0.014009452160493827,
      0.0001808449074074074,
      0.00012056327160493826,
      0.0018566743827160494,
      0.6200207368827161,
      0.001748167438271605,
      0.003833912037037037,
      0.008270640432098766,
      0.32729311342592593,
      0.00318287037037037,
      0.00024112654320987653
    ],
    "noiseless_sigma": [
      0.009074590741559412,
      0.0016220860445661047,
      0.0018864127048997931,
      0.0077534307040770115,
      0.002848679897256004,
      0.0018266248474087296,
      0.00016723466433380088,
      0.0029540034159719125,
      0.0003631013118875841,
      0.6182102404768398,
      0.013622208695174387,
      0.33152321677816343,
      0.003943241132772861,
      0.003923488887549293,
      6.830160880273401e-05,
      0.00021313808873583655
    ],
    "eigenvalues": [
      0.00012056327160493826,
      0.0001808449074074074,
      0.00024112654320987653,
      0.0004099151234567901,
      0.001748167438271605,
      0.0018566743827160494,
      0.0019048996913580247,
      0.0029538001543209878,
      0.00318287037037037,
      0.003833912037037037,
      0.004557291666666667,
      0.008270640432098766,
      0.009415991512345678,
      0.014009452160493827,
      0.32729311342592593,
      0.6200207368827161
    ],
    "noiseless_eigenvalues": [
      6.830160880273401e-05,
      0.00016723466433380088,
      0.00021313808873583655,
      0.0003631013118875841,
      0.0016220860445661047,
      0.0018266248474087296,
      0.0018864127048997931,
      0.002848679897256004,
      0.0029540034159719125,
      0.003923488887549293,
      0.003943241132772861,
      0.0077534307040770115,
      0.009074590741559412,
      0.013622208695174387,
      0.33152321677816343,
      0.6182102404768398
    ],
    "hamiltonian_eigenvalues": [
      -4.080853037383586,
      -3.953073680716516,
      -3.322848903795039,
      -3.2433843462806045,
      -3.2174448418578443,
      -3.098248155436585,
      -3.0636795928687026,
      -3.0264591369419307,
      -3.0115209584216127,
      -2.9237883229180603,
      -2.918659836795393,
      -2.9066160647967823,
      -2.6165414212358993,
      -2.5104157710234656,
      -2.452879356533109,
      -2.3717863349114765
    ],
    "noiseless_hamiltonian_eigenvalues": [
      -4.080268171480789,
      -3.955642021111308,
      -3.3172427432010383,
      -3.235998108927653,
      -3.204529535952407,
      -3.069303054105129,
      -3.0682987086308877,
      -3.011534720670041,
      -3.0042735911761875,
      -2.92183784972583,
      -2.915396436225699,
      -2.891645053115418,
      -2.5922877750609556,
      -2.485739448689258,
      -2.437230997120756,
      -2.258138061023029
    ]
  },
  "exact_result": {
    "hamiltonian_matrix": [
      [
        [
          -2.0,
          0.0
        ],
        [
          0.0,
          0.0
        ],
        [
          0.0,
          0.0
        ],
        [
          -1.0,
          0.0
        ],
        [
          0.0,
          0.0
        ],
        [
          0.0,
          0.0
        ],
        [
          -1.0,
          0.0
        ],
        [
          0.0,
          0.0
        ],
        [
          0.0,
          0.0
        ],
        [
          -1.0,
          0.0
        ],
        [
          0.0,
          0.0
        ],
        [
          0.0,
          0.0
        ],
        [
          -1.0,
          0.0
        ],
        [
          0.0,
          0.0
        ],
        [
          0.0,
          0.0
        ],
        [
          0.0,
          0.0
        ]
      ],
      [
        [
          0.0,
          0.0
        ],
        [
          -1.0,
          0.0
        ],
        [
          -1.0,
          0.0
        ],
        [
          0.0,
          0.0
        ],
        [
          0.0,
          0.0
        ],
        [
          0.0,
          0.0
        ],
        [
          0.0,
          0.0
        ],
        [
          -1.0,
          0.0
        ],
        [
          -1.0,
          0.0
        ],
        [
          0.0,
          0.0
        ],
        [
          0.0,
          0.0
        ],
        [
          0.0,
          0.0
        ],
        [
          0.0,
          0.0
        ],
        [
          -1.0,
          0.0
        ],
        [
          0.0,
          0.0
        ],
        [
          0.0,
          0.0
        ]
      ],
      [
        [
          0.0,
          0.0
        ],
        [
          -1.0,
          0.0
        ],
        [
          -1.0,
          0.0
        ],
        [
          0.0,
          0.0
        ],
        [
          -1.0,
          0.0
        ],
        [
          0.0,
          0.0
        ],
        [
          0.0,
          0.0
        ],
        [
          0.0,
          0.0
        ],
        [
          0.0,
          0.0
        ],
        [
          0.0,
          0.0
        ],
        [
          0.0,
          0.0
        ],
        [
          -1.0,
          0.0
        ],
        [
          0.0,
          0.0
        ],
        [
          0.0,
          0.0
        ],
        [
          -1.0,
          0.0
        ],
        [
          0.0,
          0.0
        ]
      ],
      [
        [
          -1.0,
          0.0
        ],
        [
          0.0,
          0.0
        ],
        [
          0.0,
          0.0
        ],
        [
          0.0,
          0.0
        ],
        [
          0.0,
          0.0
        ],
        [
          -1.0,
          0.0
        ],
        [
          0.0,
          0.0
        ],
        [
          0.0,
          0.0
        ],
        [
          0.0,
          0.0
        ],
        [
          0.0,
          0.0
        ],
        [
          -1.0,
          0.0
        ],
        [
          0.0,
          0.0
        ],
        [
          0.0,
          0.0
        ],
        [
          0.0,
          0.0
        ],
        [
          0.0,
          0.0
        ],
        [
          -1.0,
          0.0
        ]
      ],
      [
        [
          0.0,
          0.0
        ],
        [
          0.0,
          0.0
        ],
        [
          -1.0,
          0.0
        ],
        [
          0.0,
          0.0
        ],
        [
          -1.0,
          0.0
        ],
        [
          0.0,
          0.0
        ],
        [
          0.0,
          0.0
        ],
        [
          -1.0,
          0.0
        ],
        [
          -1.0,
          0.0
        ],
        [
          0.0,
          0.0
        ],
        [
          0.0,
          0.0
        ],
        [
          0.0,
          0.0
        ],
        [
          0.0,
          0.0
        ],
        [
          -1.0,
          0.0
        ],
        [
          0.0,
          0.0
        ],
        [
          0.0,
          0.0
        ]
      ],
      [
        [
          0.0,
          0.0
        ],
        [
          0.0,
          0.0
        ],
        [
          0.0,
          0.0
        ],
        [
          -1.0,
          0.0
        ],
        [
          0.0,
          0.0
        ],
        [
          0.0,
          0.0
        ],
        [
          -1.0,
          0.0
        ],
        [
          0.0,
          0.0
        ],
        [
          0.0,
          0.0
        ],
        [
          -1.0,
          0.0
        ],
        [
          0.0,
          0.0
        ],
        [
          0.0,
          0.0
        ],
        [
          -1.0,
          0.0
        ],
        [
          0.0,
          0.0
        ],
        [
          0.0,
          0.0
        ],
        [
          0.0,
          0.0
        ]
      ],
      [
        [
          -1.0,
          0.0
        ],
        [
          0.0,
          0.0
        ],
        [
          0.0,
          0.0
        ],
        [
          0.0,
          0.0
        ],
        [
          0.0,
          0.0
        ],
        [
          -1.0,
          0.0
        ],
        [
          0.0,
          0.0
        ],
        [
          0.0,
          0.0
        ],
        [
          0.0,
          0.0
        ],
        [
          0.0,
          0.0
        ],
        [
          -1.0,
          0.0
        ],
        [
          0.0,
          0.0
        ],
        [
          0.0,
          0.0
        ],
        [
          0.0,
          0.0
        ],
        [
          0.0,
          0.0
        ],
        [
          -1.0,
          0.0
        ]
      ],
      [
        [
          0.0,
          0.0
        ],
        [
          -1.0,
          0.0
        ],
        [
          0.0,
          0.0
        ],
        [
          0.0,
          0.0
        ],
        [
          -1.0,
          0.0
        ],
        [
          0.0,
          0.0
        ],
        [
          0.0,
          0.0
        ],
        [
          1.0,
          0.0
        ],
        [
          0.0,
          0.0
        ],
        [
          0.0,
          0.0
        ],
        [
          0.0,
          0.0
        ],
        [
          -1.0,
          0.0
        ],
        [
          0.0,
          0.0
        ],
        [
          0.0,
          0.0
        ],
        [
          -1.0,
          0.0
        ],
        [
          0.0,
          0.0
        ]
      ],
      [
        [
          0.0,
          0.0
        ],
        [
          -1.0,
          0.0
        ],
        [
          0.0,
          0.0
        ],
        [
          0.0,
          0.0
        ],
        [
          -1.0,
          0.0
        ],
        [
          0.0,
          0.0
        ],
        [
          0.0,
          0.0
        ],
        [
          0.0,
          0.0
        ],
        [
          -1.0,
          0.0
        ],
        [
          0.0,
          0.0
        ],
        [
          0.0,
          0.0
        ],
        [
          -1.0,
          0.0
        ],
        [
          0.0,
          0.0
        ],
        [
          0.0,
          0.0
        ],
        [
          -1.0,
          0.0
        ],
        [
          0.0,
          0.0
        ]
      ],
      [
        [
          -1.0,
          0.0
        ],
        [
          0.0,
          0.0
        ],
        [
          0.0,
          0.0
        ],
        [
          0.0,
          0.0
        ],
        [
          0.0,
          0.0
        ],
        [
          -1.0,
          0.0
        ],
        [
          0.0,
          0.0
        ],
        [
          0.0,
          0.0
        ],
        [
          0.0,
          0.0
        ],
        [
          0.0,
          0.0
        ],
        [
          -1.0,
          0.0
        ],
        [
          0.0,
          0.0
        ],
        [
          0.0,
          0.0
        ],
        [
          0.0,
          0.0
        ],
        [
          0.0,
          0.0
        ],
        [
          -1.0,
          0.0
        ]
      ],
      [
        [
          0.0,
          0.0
        ],
        [
          0.0,
          0.0
        ],
        [
          0.0,
          0.0
        ],
        [
          -1.0,
          0.0
        ],
        [
          0.0,
          0.0
        ],
        [
          0.0,
          0.0
        ],
        [
          -1.0,
          0.0
        ],
        [
          0.0,
          0.0
        ],
        [
          0.0,
          0.0
        ],
        [
          -1.0,
          0.0
        ],
        [
          0.0,
          0.0
        ],
        [
          0.0,
          0.0
        ],
        [
          -1.0,
          0.0
        ],
        [
          0.0,
          0.0
        ],
        [
          0.0,
          0.0
        ],
        [
          0.0,
          0.0
        ]
      ],
      [
        [
          0.0,
          0.0
        ],
        [
          0.0,
          0.0
        ],
        [
          -1.0,
          0.0
        ],
        [
          0.0,
          0.0
        ],
        [
          0.0,
          0.0
        ],
        [
          0.0,
          0.0
        ],
        [
          0.0,
          0.0
        ],
        [
          -1.0,
          0.0
        ],
        [
          -1.0,
          0.0
        ],
        [
          0.0,
          0.0
        ],
        [
          0.0,
          0.0
        ],
        [
          1.0,
          0.0
        ],
        [
          0.0,
          0.0
        ],
        [
          -1.0,
          0.0
        ],
        [
          0.0,
          0.0
        ],
        [
          0.0,
          0.0
        ]
      ],
      [
        [
          -1.0,
          0.0
        ],
        [
          0.0,
          0.0
        ],
        [
          0.0,
          0.0
        ],
        [
          0.0,
          0.0
        ],
        [
          0.0,
          0.0
        ],
        [
          -1.0,
          0.0
        ],
        [
          0.0,
          0.0
        ],
        [
          0.0,
          0.0
        ],
        [
          0.0,
          0.0
        ],
        [
          0.0,
          0.0
        ],
        [
          -1.0,
          0.0
        ],
        [
          0.0,
          0.0
        ],
        [
          0.0,
          0.0
        ],
        [
          0.0,
          0.0
        ],
        [
          0.0,
          0.0
        ],
        [
          -1.0,
          0.0
        ]
      ],
      [
        [
          0.0,
          0.0
        ],
        [
          -1.0,
          0.0
        ],
        [
          0.0,
          0.0
        ],
        [
          0.0,
          0.0
        ],
        [
          -1.0,
          0.0
        ],
        [
          0.0,
          0.0
        ],
        [
          0.0,
          0.0
        ],
        [
          0.0,
          0.0
        ],
        [
          0.0,
          0.0
        ],
        [
          0.0,
          0.0
        ],
        [
          0.0,
          0.0
        ],
        [
          -1.0,
          0.0
        ],
        [
          0.0,
          0.0
        ],
        [
          1.0,
          0.0
        ],
        [
          -1.0,
          0.0
        ],
        [
          0.0,
          0.0
        ]
      ],
      [
        [
          0.0,
          0.0
        ],
        [
          0.0,
          0.0
        ],
        [
          -1.0,
          0.0
        ],
        [
          0.0,
          0.0
        ],
        [
          0.0,
          0.0
        ],
        [
          0.0,
          0.0
        ],
        [
          0.0,
          0.0
        ],
        [
          -1.0,
          0.0
        ],
        [
          -1.0,
          0.0
        ],
        [
          0.0,
          0.0
        ],
        [
          0.0,
          0.0
        ],
        [
          0.0,
          0.0
        ],
        [
          0.0,
          0.0
        ],
        [
          -1.0,
          0.0
        ],
        [
          1.0,
          0.0
        ],
        [
          0.0,
          0.0
        ]
      ],
      [
        [
          0.0,
          0.0
        ],
        [
          0.0,
          0.0
        ],
        [
          0.0,
          0.0
        ],
        [
          -1.0,
          0.0
        ],
        [
          0.0,
          0.0
        ],
        [
          0.0,
          0.0
        ],
        [
          -1.0,
          0.0
        ],
        [
          0.0,
          0.0
        ],
        [
          0.0,
          0.0
        ],
        [
          -1.0,
          0.0
        ],
        [
          0.0,
          0.0
        ],
        [
          0.0,
          0.0
        ],
        [
          -1.0,
          0.0
        ],
        [
          0.0,
          0.0
        ],
        [
          0.0,
          0.0
        ],
        [
          2.0,
          0.0
        ]
      ]
    ],
    "gibbs_state": [
      [
        0.18221885800216697,
        0.0,
        0.0,
        0.1034800995710898,
        0.0,
        0.0969014500322394,
        0.1034800995710898,
        0.0,
        0.0,
        0.10348009957108986,
        0.09690145003223939,
        0.0,
        0.10348009957108985,
        0.0,
        0.0,
        0.06599959591444547
      ],
      [
        0.0,
        0.08244648998661845,
        0.08244646823426309,
        0.0,
        0.08244644716164704,
        0.0,
        0.0,
        0.050954719817519124,
        0.08244646823426309,
        0.0,
        0.0,
        0.0509547196074681,
        0.0,
        0.050954719817519124,
        0.050954719607468106,
        0.0
      ],
      [
        0.0,
        0.08244646823426305,
        0.08244648998661848,
        0.0,
        0.08244646823426309,
        0.0,
        0.0,
        0.050954719607468106,
        0.08244644716164704,
        0.0,
        0.0,
        0.05095471981751911,
        0.0,
        0.05095471960746811,
        0.05095471981751911,
        0.0
      ],
      [
        0.10348009957108985,
        0.0,
        0.0,
        0.05876528892614219,
        0.0,
        0.05502937455497014,
        0.05876528863758979,
        0.0,
        0.0,
        0.05876528863758983,
        0.05502937455497014,
        0.0,
        0.05876528863758983,
        0.0,
        0.0,
        0.03748050365664435
      ],
      [
        0.0,
        0.08244644716164702,
        0.08244646823426309,
        0.0,
        0.08244648998661849,
        0.0,
        0.0,
        0.050954719817519124,
        0.08244646823426309,
        0.0,
        0.0,
        0.0509547196074681,
        0.0,
        0.050954719817519124,
        0.050954719607468106,
        0.0
      ],
      [
        0.09690145003223939,
        0.0,
        0.0,
        0.05502937455497013,
        0.0,
        0.05153098164928653,
        0.055029374554970124,
        0.0,
        0.0,
        0.05502937455497013,
        0.05153098136073413,
        0.0,
        0.05502937455497013,
        0.0,
        0.0,
        0.03509774179665155
      ],
      [
        0.10348009957108988,
        0.0,
        0.0,
        0.05876528863758982,
        0.0,
        0.05502937455497014,
        0.058765288926142197,
        0.0,
        0.0,
        0.05876528863758983,
        0.05502937455497014,
        0.0,
        0.05876528863758983,
        0.0,
        0.0,
        0.03748050365664435
      ],
      [
        0.0,
        0.050954719817519104,
        0.050954719607468106,
        0.0,
        0.050954719817519124,
        0.0,
        0.0,
        0.031491748757585744,
        0.050954719607468106,
        0.0,
        0.0,
        0.031491748626794956,
        0.0,
        0.031491748755641494,
        0.031491748626794956,
        0.0
      ],
      [
        0.0,
        0.08244646823426303,
        0.08244644716164698,
        0.0,
        0.08244646823426305,
        0.0,
        0.0,
        0.0509547196074681,
        0.08244648998661844,
        0.0,
        0.0,
        0.050954719817519104,
        0.0,
        0.050954719607468106,
        0.050954719817519104,
        0.0
      ],
      [
        0.10348009957108988,
        0.0,
        0.0,
        0.05876528863758982,
        0.0,
        0.05502937455497014,
        0.05876528863758981,
        0.0,
        0.0,
        0.05876528892614222,
        0.05502937455497014,
        0.0,
        0.05876528863758983,
        0.0,
        0.0,
        0.03748050365664435
      ],
      [
        0.09690145003223939,
        0.0,
        0.0,
        0.055029374554970124,
        0.0,
        0.05153098136073412,
        0.05502937455497011,
        0.0,
        0.0,
        0.05502937455497013,
        0.05153098164928651,
        0.0,
        0.05502937455497014,
        0.0,
        0.0,
        0.03509774179665154
      ],
      [
        0.0,
        0.0509547196074681,
        0.05095471981751911,
        0.0,
        0.0509547196074681,
        0.0,
        0.0,
        0.03149174862679495,
        0.05095471981751911,
        0.0,
        0.0,
        0.03149174875758573,
        0.0,
        0.03149174862679494,
        0.03149174875564149,
        0.0
      ],
      [
        0.10348009957108989,
        0.0,
        0.0,
        0.05876528863758982,
        0.0,
        0.055029374554970145,
        0.05876528863758981,
        0.0,
        0.0,
        0.058765288637589834,
        0.05502937455497014,
        0.0,
        0.058765288926142224,
        0.0,
        0.0,
        0.037480503656644355
      ],
      [
        0.0,
        0.050954719817519104,
        0.05095471960746811,
        0.0,
        0.05095471981751913,
        0.0,
        0.0,
        0.031491748755641494,
        0.05095471960746811,
        0.0,
        0.0,
        0.03149174862679495,
        0.0,
        0.031491748757585744,
        0.03149174862679495,
        0.0
      ],
      [
        0.0,
        0.050954719607468085,
        0.05095471981751911,
        0.0,
        0.0509547196074681,
        0.0,
        0.0,
        0.03149174862679494,
        0.05095471981751911,
        0.0,
        0.0,
        0.03149174875564148,
        0.0,
        0.03149174862679495,
        0.03149174875758573,
        0.0
      ],
      [
        0.0659995959144455,
        0.0,
        0.0,
        0.037480503656644355,
        0.0,
        0.03509774179665157,
        0.03748050365664435,
        0.0,
        0.0,
        0.03748050365664437,
        0.03509774179665157,
        0.0,
        0.03748050365664437,
        0.0,
        0.0,
        0.023905068017874325
      ]
    ],
    "energy": -4.255382615554882,
    "entropy": 0.6892313815967303,
    "cost": -4.3932288918742275,
    "eigenvalues": [
      3.526505721947835e-18,
      2.967558397000511e-17,
      3.841660649184313e-13,
      1.9442460019043544e-12,
      1.9442531340009805e-12,
      8.863584839569563e-11,
      2.8855236250842957e-10,
      2.885523851654856e-10,
      2.8855240080119297e-10,
      2.885524181882366e-10,
      9.393766955848768e-10,
      4.2824971445703385e-08,
      4.282497148258962e-08,
      2.1673075999837564e-07,
      0.45575286829497286,
      0.5442468271378293
    ],
    "hamiltonian_eigenvalues": [
      -4.271558410139714,
      -4.23606797749979,
      -1.3243068937239126,
      -1.0000000000000004,
      -1.0,
      -0.23606797749978978,
      -5.004354428574223e-16,
      -8.53653240412687e-17,
      4.944816257507461e-17,
      2.0024993085310826e-16,
      0.23606797749978953,
      0.9999999999999996,
      1.0000000000000004,
      1.324306893723913,
      4.23606797749979,
      4.271558410139717
    ]
  },
  "metrics": {
    "exact_purity": 0.5039152858087399,
    "calculated_fidelity": 0.928948791394667,
    "calculated_trace_distance": 0.10212952467088306,
    "calculated_relative_entropy": 0.09945463690002415,
    "calculated_purity": 0.48752832412719727,
    "noiseless_fidelity": 0.9285447647454221,
    "noiseless_trace_distance": 0.09172086825800471,
    "noiseless_relative_entropy": 0.10758285636642965,
    "noiseless_purity": 0.48604057188601274
  }
}
