{
  "n": 3,
  "J": 1.0,
  "h": 0.5,
  "beta": 1e-08,
  "calculated_result": {
    "n": 3,
    "J": 1.0,
    "h": 0.5,
    "beta": 1e-08,
    "params": [
      7.9353925238463905,
      -0.5298243891450201,
      7.153262852194123,
      2.666479120593284,
      5.780455519797067,
      0.9876373917304886,
      0.6223738165236983,
      4.661254321886484,
      2.4314969564992226,
      3.227212256012437,
      1.878881869365115,
      -1.9316254987503267,
      1.8769782708973806,
      0.9666661547612132,
      0.12573561564542193,
      3.6057989639360106,
      2.60924631206526
    ],
    "cost": -207371613.2818259,
    "energy": -0.030892717903627995,
    "entropy": 2.0737161325093316,
    "rho": [
      [
        0.11455223173429888,
        -8.998632111009051e-18,
        2.0557806099714247e-17,
        0.004381630606103207,
        -1.3500584039834891e-17,
        0.004454439956811655,
        -0.006400733585546173,
        1.4645197771226246e-17
      ],
      [
        -8.998632111009051e-18,
        0.13282256598431968,
        0.0033976620440078556,
        -2.6068615262756382e-17,
        0.003622663314441582,
        -1.778072746742171e-17,
        9.192452688492825e-18,
        0.003481239577374999
      ],
      [
        2.0557806099714247e-17,
        0.0033976620440078556,
        0.1310149818121271,
        -9.901845941435028e-18,
        0.00020658515999150877,
        1.0976572341363361e-17,
        -1.2901200249412365e-17,
        0.004231030465630413
      ],
      [
        0.004381630606103207,
        -2.6068615262756382e-17,
        -9.901845941435028e-18,
        0.12004252073393684,
        -6.953926758331491e-18,
        -0.0007924458980554019,
        0.004978955800130785,
        -3.2184109850172437e-17
      ],
      [
        -1.3500584039834891e-17,
        0.003622663314441582,
        0.00020658515999150877,
        -6.953926758331491e-18,
        0.13991738173762958,
        1.0403934421492592e-17,
        1.947562918026368e-17,
        -0.0031419743255699153
      ],
      [
        0.004454439956811655,
        -1.778072746742171e-17,
        1.0976572341363361e-17,
        -0.0007924458980554019,
        1.0403934421492592e-17,
        0.11417817801106316,
        -0.0018026926173994769,
        -9.155022552530497e-18
      ],
      [
        -0.006400733585546173,
        9.192452688492825e-18,
        -1.2901200249412365e-17,
        0.004978955800130785,
        1.947562918026368e-17,
        -0.0018026926173994769,
        0.11227274389173694,
        -2.2705875873156554e-17
      ],
      [
        1.4645197771226246e-17,
        0.003481239577374999,
        0.004231030465630413,
        -3.2184109850172437e-17,
        -0.0031419743255699153,
        -9.155022552530497e-18,
        -2.2705875873156554e-17,
        0.13519939609488807
      ]
    ],
    "noiseless_rho": [
      [
        0.11455223173429888,
        -8.998632111009051e-18,
        2.0557806099714247e-17,
        0.004381630606103207,
        -1.3500584039834891e-17,
        0.004454439956811655,
        -0.006400733585546173,
        1.4645197771226246e-17
      ],
      [
        -8.998632111009051e-18,
        0.13282256598431968,
        0.0033976620440078556,
        -2.6068615262756382e-17,
        0.003622663314441582,
        -1.778072746742171e-17,
        9.192452688492825e-18,
        0.003481239577374999
      ],
      [
        2.0557806099714247e-17,
        0.0033976620440078556,
        0.1310149818121271,
        -9.901845941435028e-18,
        0.00020658515999150877,
        1.0976572341363361e-17,
        -1.2901200249412365e-17,
        0.004231030465630413
      ],
      [
        0.004381630606103207,
        -2.6068615262756382e-17,
        -9.901845941435028e-18,
        0.12004252073393684,
        -6.953926758331491e-18,
        -0.0007924458980554019,
        0.004978955800130785,
        -3.2184109850172437e-17
      ],
      [
        -1.3500584039834891e-17,
        0.003622663314441582,
        0.00020658515999150877,
        -6.953926758331491e-18,
        0.13991738173762958,
        1.0403934421492592e-17,
        1.947562918026368e-17,
        -0.0031419743255699153
      ],
      [
        0.004454439956811655,
        -1.778072746742171e-17,
        1.0976572341363361e-17,
        -0.0007924458980554019,
        1.0403934421492592e-17,
        0.11417817801106316,
        -0.0018026926173994769,
        -9.155022552530497e-18
      ],
      [
        -0.006400733585546173,
        9.192452688492825e-18,
        -1.2901200249412365e-17,
        0.004978955800130785,
        1.947562918026368e-17,
        -0.0018026926173994769,
        0.11227274389173694,
        -2.2705875873156554e-17
      ],
      [
        1.4645197771226246e-17,
        0.003481239577374999,
        0.004231030465630413,
        -3.2184109850172437e-17,
        -0.0031419743255699153,
        -9.155022552530497e-18,
        -2.2705875873156554e-17,
        0.13519939609488807
      ]
    ],
    "sigma": [
      0.12184468796859516,
      0.1287159815210505,
      0.12761229365512067,
      0.12344213636989318,
      0.14416518627295224,
      0.11843382730637898,
      0.0973250227261685,
      0.13846086417984105
    ],
    "noiseless_sigma": [
      0.12184468796859516,
      0.1287159815210505,
      0.12761229365512067,
      0.12344213636989318,
      0.14416518627295224,
      0.11843382730637898,
      0.0973250227261685,
      0.13846086417984105
    ],
    "eigenvalues": [
      0.0973250227261685,
      0.11843382730637898,
      0.12184468796859516,
      0.12344213636989318,
      0.12761229365512067,
      0.1287159815210505,
      0.13846086417984105,
      0.14416518627295224
    ],
    "noiseless_eigenvalues": [
      0.0973250227261685,
      0.11843382730637898,
      0.12184468796859516,
      0.12344213636989318,
      0.12761229365512067,
      0.1287159815210505,
      0.13846086417984105,
      0.14416518627295224
    ],
    "hamiltonian_eigenvalues": [
      -13692062.286030263,
      -9654857.043472469,
      -2356913.7271673083,
      -1495756.5365471542,
      1826663.130885601,
      3129196.1884183586,
      5968476.091830075,
      25598301.915936142
    ],
    "noiseless_hamiltonian_eigenvalues": [
      -13692062.286030263,
      -9654857.043472469,
      -2356913.7271673083,
      -1495756.5365471542,
      1826663.130885601,
      3129196.1884183586,
      5968476.091830075,
      25598301.915936142
    ]
  },
  "exact_result": {
    "hamiltonian_matrix": [
      [
        [
          -1.5,
          0.0
        ],
        [
          0.0,
          0.0
        ],
        [
          0.0,
          0.0
        ],
        [
          -1.0,
          0.0
        ],
        [
          0.0,
          0.0
        ],
        [
          -1.0,
          0.0
        ],
        [
          -1.0,
          0.0
        ],
        [
          0.0,
          0.0
        ]
      ],
      [
        [
          0.0,
          0.0
        ],
        [
          -0.5,
          0.0
        ],
        [
          -1.0,
          0.0
        ],
        [
          0.0,
          0.0
        ],
        [
          -1.0,
          0.0
        ],
        [
          0.0,
          0.0
        ],
        [
          0.0,
          0.0
        ],
        [
          -1.0,
          0.0
        ]
      ],
      [
        [
          0.0,
          0.0
        ],
        [
          -1.0,
          0.0
        ],
        [
          -0.5,
          0.0
        ],
        [
          0.0,
          0.0
        ],
        [
          -1.0,
          0.0
        ],
        [
          0.0,
          0.0
        ],
        [
          0.0,
          0.0
        ],
        [
          -1.0,
          0.0
        ]
      ],
      [
        [
          -1.0,
          0.0
        ],
        [
          0.0,
          0.0
        ],
        [
          0.0,
          0.0
        ],
        [
          0.5,
          0.0
        ],
        [
          0.0,
          0.0
        ],
        [
          -1.0,
          0.0
        ],
        [
          -1.0,
          0.0
        ],
        [
          0.0,
          0.0
        ]
      ],
      [
        [
          0.0,
          0.0
        ],
        [
          -1.0,
          0.0
        ],
        [
          -1.0,
          0.0
        ],
        [
          0.0,
          0.0
        ],
        [
          -0.5,
          0.0
        ],
        [
          0.0,
          0.0
        ],
        [
          0.0,
          0.0
        ],
        [
          -1.0,
          0.0
        ]
      ],
      [
        [
          -1.0,
          0.0
        ],
        [
          0.0,
          0.0
        ],
        [
          0.0,
          0.0
        ],
        [
          -1.0,
          0.0
        ],
        [
          0.0,
          0.0
        ],
        [
          0.5,
          0.0
        ],
        [
          -1.0,
          0.0
        ],
        [
          0.0,
          0.0
        ]
      ],
      [
        [
          -1.0,
          0.0
        ],
        [
          0.0,
          0.0
        ],
        [
          0.0,
          0.0
        ],
        [
          -1.0,
          0.0
        ],
        [
          0.0,
          0.0
        ],
        [
          -1.0,
          0.0
        ],
        [
          0.5,
          0.0
        ],
        [
          0.0,
          0.0
        ]
      ],
      [
        [
          0.0,
          0.0
        ],
        [
          -1.0,
          0.0
        ],
        [
          -1.0,
          0.0
        ],
        [
          0.0,
          0.0
        ],
        [
          -1.0,
          0.0
        ],
        [
          0.0,
          0.0
        ],
        [
          0.0,
          0.0
        ],
        [
          1.5,
          0.0
        ]
      ]
    ],
    "gibbs_state": [
      [
        0.125000001875,
        0.0,
        0.0,
        1.2500000187499997e-09,
        0.0,
        1.2500000187499997e-09,
        1.2500000187499997e-09,
        0.0
      ],
      [
        0.0,
        0.12500000062499997,
        1.2500000187499995e-09,
        0.0,
        1.2500000187499995e-09,
        0.0,
        0.0,
        1.2500000062499997e-09
      ],
      [
        0.0,
        1.2500000187499995e-09,
        0.12500000062499997,
        0.0,
        1.2500000187499995e-09,
        0.0,
        0.0,
        1.2500000062499995e-09
      ],
      [
        1.2500000187499995e-09,
        0.0,
        0.0,
        0.12499999937499996,
        0.0,
        1.2500000062499997e-09,
        1.2500000062499997e-09,
        0.0
      ],
      [
        0.0,
        1.2500000187499993e-09,
        1.2500000187499995e-09,
        0.0,
        0.12500000062499997,
        0.0,
        0.0,
        1.2500000062499995e-09
      ],
      [
        1.2500000187499993e-09,
        0.0,
        0.0,
        1.2500000062499995e-09,
        0.0,
        0.12499999937499996,
        1.2500000062499995e-09,
        0.0
      ],
      [
        1.2500000187499993e-09,
        0.0,
        0.0,
        1.2500000062499995e-09,
        0.0,
        1.2500000062499995e-09,
        0.12499999937499996,
        0.0
      ],
      [
        0.0,
        1.250000006249999e-09,
        1.2500000062499993e-09,
        0.0,
        1.2500000062499993e-09,
        0.0,
        0.0,
        0.12499999812499998
      ]
    ],
    "energy": -3.7500000354961927e-08,
    "entropy": 2.0794415416798353,
    "cost": -207944154.16798356,
    "eigenvalues": [
      0.1249999973178109,
      0.12499999812499993,
      0.124999998125,
      0.12499999937499985,
      0.12499999937499996,
      0.12499999970993642,
      0.12500000393218919,
      0.12500000404006353
    ],
    "hamiltonian_eigenvalues": [
      -3.2320508075688767,
      -3.1457513110645894,
      0.23205080756887697,
      0.5000000000000002,
      0.5000000000000003,
      1.4999999999999993,
      1.4999999999999998,
      2.14575131106459
    ]
  },
  "metrics": {
    "exact_purity": 0.12499999999999999,
    "calculated_fidelity": 0.9975954828630486,
    "calculated_trace_distance": 0.01295481936816977,
    "calculated_relative_entropy": 0.004846894514541628,
    "calculated_purity": 0.12618331766361127,
    "noiseless_fidelity": 0.9975954828630486,
    "noiseless_trace_distance": 0.01295481936816977,
    "noiseless_relative_entropy": 0.004846894514541628,
    "noiseless_purity": 0.12618331766361127
  }
}
