{
  "n": 3,
  "J": 1.0,
  "h": 0.5,
  "beta": 0.8,
  "calculated_result": {
    "n": 3,
    "J": 1.0,
    "h": 0.5,
    "beta": 0.8,
    "params": [
      7.407582363757316,
      -5.975965170950737,
      5.046730501676832,
      -2.5777397459535605,
      10.054516057227044,
      1.8674678258472497,
      7.929032985312716,
      7.527193710683722,
      3.560263335989453,
      -4.700393608854717,
      7.839133164485956,
      0.5322607109657415,
      -0.9904868924275037,
      -2.878436888633771,
      -1.5035955795588927,
      8.713198330574492,
      11.236409762030629
    ],
    "cost": -4.160256114138014,
    "energy": -2.8458928058188224,
    "entropy": 1.0514906466553533,
    "rho": [
      [
        0.24552929020968658,
        -1.3598309888855379e-17,
        -1.1789866444635139e-17,
        0.14352365173307194,
        -1.1438365281813077e-18,
        0.12569164391613957,
        0.12013532531602526,
        -1.3826787821397655e-17
      ],
      [
        -1.3598309888855379e-17,
        0.1379599147983867,
        0.12227757665805646,
        -2.4725139919159984e-17,
        0.12887789403462804,
        -6.735911020345452e-18,
        -8.810386059515078e-18,
        0.08503239106189033
      ],
      [
        -1.1789866444635139e-17,
        0.12227757665805646,
        0.12145592449809751,
        -2.4542195606345276e-17,
        0.12672834980392564,
        -1.1052852792188842e-17,
        -9.470709423424051e-18,
        0.0797253954681217
      ],
      [
        0.14352365173307194,
        -2.4725139919159984e-17,
        -2.4542195606345276e-17,
        0.10486014723599978,
        -2.3589547100773932e-17,
        0.07707499614247443,
        0.0787969167122321,
        -2.2797829554150014e-17
      ],
      [
        -1.1438365281813077e-18,
        0.12887789403462804,
        0.12672834980392564,
        -2.3589547100773932e-17,
        0.1582364124860116,
        -7.525992129798841e-18,
        -6.739286209010222e-18,
        0.0958042513265747
      ],
      [
        0.12569164391613957,
        -6.735911020345452e-18,
        -1.1052852792188842e-17,
        0.07707499614247443,
        -7.525992129798841e-18,
        0.08656479525939806,
        0.06747302974970915,
        -1.0119922593784604e-17
      ],
      [
        0.12013532531602526,
        -8.810386059515078e-18,
        -9.470709423424051e-18,
        0.0787969167122321,
        -6.739286209010222e-18,
        0.06747302974970915,
        0.08029264528367391,
        -1.0561344430497083e-17
      ],
      [
        -1.3826787821397655e-17,
        0.08503239106189033,
        0.0797253954681217,
        -2.2797829554150014e-17,
        0.0958042513265747,
        -1.0119922593784604e-17,
        -1.0561344430497083e-17,
        0.06510087022874526
      ]
    ],
    "noiseless_rho": [
      [
        0.24552929020968658,
        -1.3598309888855379e-17,
        -1.1789866444635139e-17,
        0.14352365173307194,
        -1.1438365281813077e-18,
        0.12569164391613957,
        0.12013532531602526,
        -1.3826787821397655e-17
      ],
      [
        -1.3598309888855379e-17,
        0.1379599147983867,
        0.12227757665805646,
        -2.4725139919159984e-17,
        0.12887789403462804,
        -6.735911020345452e-18,
        -8.810386059515078e-18,
        0.08503239106189033
      ],
      [
        -1.1789866444635139e-17,
        0.12227757665805646,
        0.12145592449809751,
        -2.4542195606345276e-17,
        0.12672834980392564,
        -1.1052852792188842e-17,
        -9.470709423424051e-18,
        0.0797253954681217
      ],
      [
        0.14352365173307194,
        -2.4725139919159984e-17,
        -2.4542195606345276e-17,
        0.10486014723599978,
        -2.3589547100773932e-17,
        0.07707499614247443,
        0.0787969167122321,
        -2.2797829554150014e-17
      ],
      [
        -1.1438365281813077e-18,
        0.12887789403462804,
        0.12672834980392564,
        -2.3589547100773932e-17,
        0.1582364124860116,
        -7.525992129798841e-18,
        -6.739286209010222e-18,
        0.0958042513265747
      ],
      [
        0.12569164391613957,
        -6.735911020345452e-18,
        -1.1052852792188842e-17,
        0.07707499614247443,
        -7.525992129798841e-18,
        0.08656479525939806,
        0.06747302974970915,
        -1.0119922593784604e-17
      ],
      [
        0.12013532531602526,
        -8.810386059515078e-18,
        -9.470709423424051e-18,
        0.0787969167122321,
        -6.739286209010222e-18,
        0.06747302974970915,
        0.08029264528367391,
        -1.0561344430497083e-17
      ],
      [
        -1.3826787821397655e-17,
        0.08503239106189033,
        0.0797253954681217,
        -2.2797829554150014e-17,
        0.0958042513265747,
        -1.0119922593784604e-17,
        -1.0561344430497083e-17,
        0.06510087022874526
      ]
    ],
    "sigma": [
      0.018045867607460016,
      0.0036368746015009003,
      0.020595018243052415,
      0.018773768744056618,
      0.4510115587371768,
      0.01195684071184249,
      0.46847040092539927,
      0.00750967042951102
    ],
    "noiseless_sigma": [
      0.018045867607460016,
      0.0036368746015009003,
      0.020595018243052415,
      0.018773768744056618,
      0.4510115587371768,
      0.01195684071184249,
      0.46847040092539927,
      0.00750967042951102
    ],
    "eigenvalues": [
      0.0036368746015009003,
      0.00750967042951102,
      0.01195684071184249,
      0.018045867607460016,
      0.018773768744056618,
      0.020595018243052415,
      0.4510115587371768,
      0.46847040092539927
    ],
    "noiseless_eigenvalues": [
      0.0036368746015009003,
      0.00750967042951102,
      0.01195684071184249,
      0.018045867607460016,
      0.018773768744056618,
      0.020595018243052415,
      0.4510115587371768,
      0.46847040092539927
    ],
    "hamiltonian_eigenvalues": [
      -3.2124031670291138,
      -3.164928225789409,
      0.6931264674800071,
      0.8088622146452673,
      0.8582920881485991,
      1.3728085357155155,
      1.9541985088477425,
      2.860532126018473
    ],
    "noiseless_hamiltonian_eigenvalues": [
      -3.2124031670291138,
      -3.164928225789409,
      0.6931264674800071,
      0.8088622146452673,
      0.8582920881485991,
      1.3728085357155155,
      1.9541985088477425,
      2.860532126018473
    ]
  },
  "exact_result": {
    "hamiltonian_matrix": [
      [
        [
          -1.5,
          0.0
        ],
        [
          0.0,
          0.0
        ],
        [
          0.0,
          0.0
        ],
        [
          -1.0,
          0.0
        ],
        [
          0.0,
          0.0
        ],
        [
          -1.0,
          0.0
        ],
        [
          -1.0,
          0.0
        ],
        [
          0.0,
          0.0
        ]
      ],
      [
        [
          0.0,
          0.0
        ],
        [
          -0.5,
          0.0
        ],
        [
          -1.0,
          0.0
        ],
        [
          0.0,
          0.0
        ],
        [
          -1.0,
          0.0
        ],
        [
          0.0,
          0.0
        ],
        [
          0.0,
          0.0
        ],
        [
          -1.0,
          0.0
        ]
      ],
      [
        [
          0.0,
          0.0
        ],
        [
          -1.0,
          0.0
        ],
        [
          -0.5,
          0.0
        ],
        [
          0.0,
          0.0
        ],
        [
          -1.0,
          0.0
        ],
        [
          0.0,
          0.0
        ],
        [
          0.0,
          0.0
        ],
        [
          -1.0,
          0.0
        ]
      ],
      [
        [
          -1.0,
          0.0
        ],
        [
          0.0,
          0.0
        ],
        [
          0.0,
          0.0
        ],
        [
          0.5,
          0.0
        ],
        [
          0.0,
          0.0
        ],
        [
          -1.0,
          0.0
        ],
        [
          -1.0,
          0.0
        ],
        [
          0.0,
          0.0
        ]
      ],
      [
        [
          0.0,
          0.0
        ],
        [
          -1.0,
          0.0
        ],
        [
          -1.0,
          0.0
        ],
        [
          0.0,
          0.0
        ],
        [
          -0.5,
          0.0
        ],
        [
          0.0,
          0.0
        ],
        [
          0.0,
          0.0
        ],
        [
          -1.0,
          0.0
        ]
      ],
      [
        [
          -1.0,
          0.0
        ],
        [
          0.0,
          0.0
        ],
        [
          0.0,
          0.0
        ],
        [
          -1.0,
          0.0
        ],
        [
          0.0,
          0.0
        ],
        [
          0.5,
          0.0
        ],
        [
          -1.0,
          0.0
        ],
        [
          0.0,
          0.0
        ]
      ],
      [
        [
          -1.0,
          0.0
        ],
        [
          0.0,
          0.0
        ],
        [
          0.0,
          0.0
        ],
        [
          -1.0,
          0.0
        ],
        [
          0.0,
          0.0
        ],
        [
          -1.0,
          0.0
        ],
        [
          0.5,
          0.0
        ],
        [
          0.0,
          0.0
        ]
      ],
      [
        [
          0.0,
          0.0
        ],
        [
          -1.0,
          0.0
        ],
        [
          -1.0,
          0.0
        ],
        [
          0.0,
          0.0
        ],
        [
          -1.0,
          0.0
        ],
        [
          0.0,
          0.0
        ],
        [
          0.0,
          0.0
        ],
        [
          1.5,
          0.0
        ]
      ]
    ],
    "gibbs_state": [
      [
        0.2464457668034865,
        0.0,
        0.0,
        0.125525445525711,
        0.0,
        0.125525445525711,
        0.125525445525711,
        0.0
      ],
      [
        0.0,
        0.14256985049459928,
        0.1191414984680174,
        0.0,
        0.1191414984680174,
        0.0,
        0.0,
        0.08062700170389002
      ],
      [
        0.0,
        0.11914149846801739,
        0.14256985049459928,
        0.0,
        0.1191414984680174,
        0.0,
        0.0,
        0.08062700170389002
      ],
      [
        0.12552544552571093,
        0.0,
        0.0,
        0.08916661369921391,
        0.0,
        0.07863957655213627,
        0.07863957655213627,
        0.0
      ],
      [
        0.0,
        0.1191414984680174,
        0.1191414984680174,
        0.0,
        0.14256985049459928,
        0.0,
        0.0,
        0.08062700170389
      ],
      [
        0.12552544552571093,
        0.0,
        0.0,
        0.07863957655213627,
        0.0,
        0.08916661369921391,
        0.07863957655213627,
        0.0
      ],
      [
        0.1255254455257109,
        0.0,
        0.0,
        0.07863957655213626,
        0.0,
        0.07863957655213626,
        0.0891666136992139,
        0.0
      ],
      [
        0.0,
        0.08062700170389002,
        0.08062700170389002,
        0.0,
        0.08062700170389002,
        0.0,
        0.0,
        0.058344840615073924
      ]
    ],
    "energy": -2.7858573779742244,
    "entropy": 1.125122462596788,
    "cost": -4.192260456220209,
    "eigenvalues": [
      0.006279848557579973,
      0.01052703714707761,
      0.010527037147077666,
      0.023428352026581847,
      0.023428352026581896,
      0.029029317510235783,
      0.43291783948812795,
      0.46386221609673717
    ],
    "hamiltonian_eigenvalues": [
      -3.2320508075688767,
      -3.1457513110645894,
      0.23205080756887697,
      0.5000000000000002,
      0.5000000000000003,
      1.4999999999999993,
      1.4999999999999998,
      2.14575131106459
    ]
  },
  "metrics": {
    "exact_purity": 0.40478756142181577,
    "calculated_fidelity": 0.988017818840035,
    "calculated_trace_distance": 0.02408352925830797,
    "calculated_relative_entropy": 0.031922217760321045,
    "calculated_purity": 0.42411909263390213,
    "noiseless_fidelity": 0.988017818840035,
    "noiseless_trace_distance": 0.02408352925830797,
    "noiseless_relative_entropy": 0.031922217760321045,
    "noiseless_purity": 0.42411909263390213
  }
}
